001 A 001 5 0
003 A 001 5 0
005 A 001 5 0
007 A 001 5 0
009 A 001 5 0
011 A 001 5 0
013 A 001 5 1
015 A 001 5 0
017 A 001 5 0
019 A 001 5 0
001 A 002 4 1
003 A 002 4 1
005 A 002 4 1
007 A 002 4 1
009 A 002 4 0
011 A 002 4 1
013 A 002 4 0
015 A 002 4 1
017 A 002 4 1
019 A 002 4 0
001 A 003 5 0
003 A 003 5 0
005 A 003 5 1
007 A 003 5 1
009 A 003 5 0
011 A 003 5 1
013 A 003 5 1
015 A 003 5 0
017 A 003 5 0
019 A 003 5 0
001 A 004 5 1
003 A 004 5 1
005 A 004 5 1
007 A 004 5 1
009 A 004 5 1
011 A 004 5 1
013 A 004 5 1
015 A 004 5 1
017 A 004 5 0
019 A 004 5 1
001 A 005 2 1
003 A 005 2 1
005 A 005 2 1
007 A 005 2 1
009 A 005 2 1
011 A 005 2 1
013 A 005 2 1
015 A 005 2 1
017 A 005 2 1
019 A 005 2 1
001 A 006 4 1
003 A 006 4 0
005 A 006 4 1
007 A 006 4 1
009 A 006 4 1
011 A 006 4 1
013 A 006 4 0
015 A 006 4 1
017 A 006 4 1
019 A 006 4 1
001 A 007 2 1
003 A 007 2 1
005 A 007 2 1
007 A 007 2 1
009 A 007 2 1
011 A 007 2 1
013 A 007 2 1
015 A 007 2 0
017 A 007 2 1
019 A 007 2 1
001 A 008 3 1
003 A 008 3 1
005 A 008 3 0
007 A 008 3 1
009 A 008 3 0
011 A 008 3 1
013 A 008 3 1
015 A 008 3 0
017 A 008 3 1
019 A 008 3 1
001 A 009 5 1
003 A 009 5 1
005 A 009 5 1
007 A 009 5 1
009 A 009 5 1
011 A 009 5 1
013 A 009 5 1
015 A 009 5 1
017 A 009 5 1
019 A 009 5 1
001 A 010 2 0
003 A 010 2 0
005 A 010 2 1
007 A 010 2 0
009 A 010 2 0
011 A 010 2 0
013 A 010 2 0
015 A 010 2 1
017 A 010 2 1
019 A 010 2 0
001 A 011 2 0
003 A 011 2 1
005 A 011 2 1
007 A 011 2 0
009 A 011 2 0
011 A 011 2 0
013 A 011 2 1
015 A 011 2 0
017 A 011 2 0
019 A 011 2 0
001 A 012 4 1
003 A 012 4 1
005 A 012 4 1
007 A 012 4 1
009 A 012 4 0
011 A 012 4 0
013 A 012 4 1
015 A 012 4 1
017 A 012 4 0
019 A 012 4 1
001 A 013 3 0
003 A 013 3 1
005 A 013 3 1
007 A 013 3 1
009 A 013 3 1
011 A 013 3 1
013 A 013 3 0
015 A 013 3 1
017 A 013 3 1
019 A 013 3 0
001 A 014 1 1
003 A 014 1 0
005 A 014 1 1
007 A 014 1 1
009 A 014 1 1
011 A 014 1 1
013 A 014 1 1
015 A 014 1 1
017 A 014 1 1
019 A 014 1 1
001 A 015 3 1
003 A 015 3 1
005 A 015 3 1
007 A 015 3 1
009 A 015 3 0
011 A 015 3 1
013 A 015 3 1
015 A 015 3 0
017 A 015 3 1
019 A 015 3 1
001 A 016 2 0
003 A 016 2 0
005 A 016 2 0
007 A 016 2 1
009 A 016 2 1
011 A 016 2 0
013 A 016 2 0
015 A 016 2 1
017 A 016 2 1
019 A 016 2 1
001 A 017 1 0
003 A 017 1 1
005 A 017 1 1
007 A 017 1 1
009 A 017 1 1
011 A 017 1 1
013 A 017 1 0
015 A 017 1 1
017 A 017 1 1
019 A 017 1 0
001 A 018 5 0
003 A 018 5 0
005 A 018 5 1
007 A 018 5 0
009 A 018 5 0
011 A 018 5 0
013 A 018 5 1
015 A 018 5 1
017 A 018 5 1
019 A 018 5 0
001 A 019 1 0
003 A 019 1 0
005 A 019 1 0
007 A 019 1 1
009 A 019 1 0
011 A 019 1 0
013 A 019 1 0
015 A 019 1 1
017 A 019 1 0
019 A 019 1 1
001 A 020 4 1
003 A 020 4 1
005 A 020 4 1
007 A 020 4 1
009 A 020 4 1
011 A 020 4 1
013 A 020 4 1
015 A 020 4 1
017 A 020 4 1
019 A 020 4 1
001 A 021 1 1
003 A 021 1 1
005 A 021 1 1
007 A 021 1 1
009 A 021 1 1
011 A 021 1 0
013 A 021 1 1
015 A 021 1 1
017 A 021 1 0
019 A 021 1 0
001 A 022 5 1
003 A 022 5 1
005 A 022 5 1
007 A 022 5 1
009 A 022 5 1
011 A 022 5 1
013 A 022 5 1
015 A 022 5 1
017 A 022 5 1
019 A 022 5 1
001 A 023 3 1
003 A 023 3 0
005 A 023 3 1
007 A 023 3 1
009 A 023 3 0
011 A 023 3 0
013 A 023 3 1
015 A 023 3 0
017 A 023 3 0
019 A 023 3 0
001 A 024 4 1
003 A 024 4 0
005 A 024 4 1
007 A 024 4 1
009 A 024 4 1
011 A 024 4 1
013 A 024 4 1
015 A 024 4 1
017 A 024 4 1
019 A 024 4 1
001 A 025 3 0
003 A 025 3 1
005 A 025 3 0
007 A 025 3 1
009 A 025 3 0
011 A 025 3 0
013 A 025 3 0
015 A 025 3 0
017 A 025 3 0
019 A 025 3 0
001 A 026 2 1
003 A 026 2 1
005 A 026 2 0
007 A 026 2 1
009 A 026 2 0
011 A 026 2 1
013 A 026 2 0
015 A 026 2 1
017 A 026 2 1
019 A 026 2 1
001 A 027 3 1
003 A 027 3 1
005 A 027 3 1
007 A 027 3 1
009 A 027 3 1
011 A 027 3 0
013 A 027 3 0
015 A 027 3 1
017 A 027 3 1
019 A 027 3 1
001 A 028 3 1
003 A 028 3 1
005 A 028 3 1
007 A 028 3 0
009 A 028 3 0
011 A 028 3 0
013 A 028 3 1
015 A 028 3 1
017 A 028 3 1
019 A 028 3 0
001 A 029 4 1
003 A 029 4 1
005 A 029 4 1
007 A 029 4 1
009 A 029 4 1
011 A 029 4 1
013 A 029 4 0
015 A 029 4 1
017 A 029 4 1
019 A 029 4 0
001 A 030 4 1
003 A 030 4 0
005 A 030 4 0
007 A 030 4 0
009 A 030 4 0
011 A 030 4 0
013 A 030 4 0
015 A 030 4 0
017 A 030 4 0
019 A 030 4 0
001 A 031 1 1
003 A 031 1 1
005 A 031 1 1
007 A 031 1 1
009 A 031 1 1
011 A 031 1 1
013 A 031 1 1
015 A 031 1 1
017 A 031 1 1
019 A 031 1 1
001 A 032 2 1
003 A 032 2 1
005 A 032 2 1
007 A 032 2 1
009 A 032 2 1
011 A 032 2 1
013 A 032 2 1
015 A 032 2 0
017 A 032 2 1
019 A 032 2 1
001 A 033 3 1
003 A 033 3 0
005 A 033 3 1
007 A 033 3 0
009 A 033 3 1
011 A 033 3 0
013 A 033 3 1
015 A 033 3 1
017 A 033 3 0
019 A 033 3 0
001 A 034 4 0
003 A 034 4 1
005 A 034 4 0
007 A 034 4 1
009 A 034 4 0
011 A 034 4 0
013 A 034 4 1
015 A 034 4 1
017 A 034 4 1
019 A 034 4 1
001 A 035 5 0
003 A 035 5 0
005 A 035 5 0
007 A 035 5 1
009 A 035 5 1
011 A 035 5 1
013 A 035 5 1
015 A 035 5 0
017 A 035 5 0
019 A 035 5 1
001 A 036 1 0
003 A 036 1 1
005 A 036 1 1
007 A 036 1 1
009 A 036 1 0
011 A 036 1 1
013 A 036 1 0
015 A 036 1 0
017 A 036 1 1
019 A 036 1 1
001 A 037 5 1
003 A 037 5 0
005 A 037 5 1
007 A 037 5 1
009 A 037 5 1
011 A 037 5 1
013 A 037 5 1
015 A 037 5 1
017 A 037 5 1
019 A 037 5 1
001 A 038 1 1
003 A 038 1 0
005 A 038 1 1
007 A 038 1 1
009 A 038 1 1
011 A 038 1 1
013 A 038 1 1
015 A 038 1 1
017 A 038 1 1
019 A 038 1 1
001 A 039 2 1
003 A 039 2 1
005 A 039 2 1
007 A 039 2 1
009 A 039 2 1
011 A 039 2 1
013 A 039 2 1
015 A 039 2 1
017 A 039 2 1
019 A 039 2 1
001 A 040 1 1
003 A 040 1 0
005 A 040 1 1
007 A 040 1 1
009 A 040 1 1
011 A 040 1 0
013 A 040 1 1
015 A 040 1 1
017 A 040 1 1
019 A 040 1 1
001 A 041 3 1
003 A 041 3 1
005 A 041 3 1
007 A 041 3 1
009 A 041 3 1
011 A 041 3 0
013 A 041 3 1
015 A 041 3 1
017 A 041 3 1
019 A 041 3 0
001 A 042 1 0
003 A 042 1 0
005 A 042 1 0
007 A 042 1 1
009 A 042 1 0
011 A 042 1 1
013 A 042 1 1
015 A 042 1 1
017 A 042 1 1
019 A 042 1 0
001 A 043 1 1
003 A 043 1 1
005 A 043 1 1
007 A 043 1 0
009 A 043 1 1
011 A 043 1 0
013 A 043 1 0
015 A 043 1 0
017 A 043 1 1
019 A 043 1 1
001 A 044 5 0
003 A 044 5 1
005 A 044 5 1
007 A 044 5 0
009 A 044 5 0
011 A 044 5 0
013 A 044 5 0
015 A 044 5 1
017 A 044 5 1
019 A 044 5 0
001 A 045 2 1
003 A 045 2 1
005 A 045 2 1
007 A 045 2 1
009 A 045 2 1
011 A 045 2 1
013 A 045 2 1
015 A 045 2 1
017 A 045 2 1
019 A 045 2 1
001 A 046 4 1
003 A 046 4 1
005 A 046 4 1
007 A 046 4 1
009 A 046 4 1
011 A 046 4 1
013 A 046 4 1
015 A 046 4 1
017 A 046 4 1
019 A 046 4 1
001 A 047 4 1
003 A 047 4 1
005 A 047 4 1
007 A 047 4 1
009 A 047 4 1
011 A 047 4 1
013 A 047 4 1
015 A 047 4 1
017 A 047 4 1
019 A 047 4 0
001 A 048 5 1
003 A 048 5 1
005 A 048 5 1
007 A 048 5 0
009 A 048 5 0
011 A 048 5 0
013 A 048 5 1
015 A 048 5 1
017 A 048 5 1
019 A 048 5 1
001 A 049 3 1
003 A 049 3 1
005 A 049 3 1
007 A 049 3 1
009 A 049 3 1
011 A 049 3 1
013 A 049 3 1
015 A 049 3 0
017 A 049 3 1
019 A 049 3 1
001 A 050 4 0
003 A 050 4 0
005 A 050 4 1
007 A 050 4 1
009 A 050 4 1
011 A 050 4 1
013 A 050 4 1
015 A 050 4 0
017 A 050 4 1
019 A 050 4 1
001 A 051 1 1
003 A 051 1 1
005 A 051 1 1
007 A 051 1 1
009 A 051 1 1
011 A 051 1 1
013 A 051 1 1
015 A 051 1 1
017 A 051 1 1
019 A 051 1 1
001 A 052 3 1
003 A 052 3 1
005 A 052 3 1
007 A 052 3 1
009 A 052 3 0
011 A 052 3 1
013 A 052 3 1
015 A 052 3 1
017 A 052 3 1
019 A 052 3 1
001 A 053 2 1
003 A 053 2 1
005 A 053 2 1
007 A 053 2 1
009 A 053 2 0
011 A 053 2 1
013 A 053 2 1
015 A 053 2 1
017 A 053 2 1
019 A 053 2 0
001 A 054 1 1
003 A 054 1 1
005 A 054 1 0
007 A 054 1 1
009 A 054 1 0
011 A 054 1 1
013 A 054 1 1
015 A 054 1 1
017 A 054 1 1
019 A 054 1 1
001 A 055 2 1
003 A 055 2 1
005 A 055 2 0
007 A 055 2 1
009 A 055 2 0
011 A 055 2 1
013 A 055 2 0
015 A 055 2 1
017 A 055 2 1
019 A 055 2 0
001 A 056 5 1
003 A 056 5 0
005 A 056 5 1
007 A 056 5 0
009 A 056 5 1
011 A 056 5 0
013 A 056 5 0
015 A 056 5 0
017 A 056 5 0
019 A 056 5 1
001 A 057 3 1
003 A 057 3 1
005 A 057 3 0
007 A 057 3 1
009 A 057 3 1
011 A 057 3 1
013 A 057 3 1
015 A 057 3 1
017 A 057 3 1
019 A 057 3 1
001 A 058 1 1
003 A 058 1 1
005 A 058 1 1
007 A 058 1 1
009 A 058 1 1
011 A 058 1 1
013 A 058 1 1
015 A 058 1 1
017 A 058 1 1
019 A 058 1 0
001 A 059 2 0
003 A 059 2 1
005 A 059 2 1
007 A 059 2 1
009 A 059 2 1
011 A 059 2 1
013 A 059 2 1
015 A 059 2 1
017 A 059 2 1
019 A 059 2 1
001 A 060 1 1
003 A 060 1 1
005 A 060 1 1
007 A 060 1 1
009 A 060 1 1
011 A 060 1 1
013 A 060 1 1
015 A 060 1 1
017 A 060 1 1
019 A 060 1 1
001 A 061 2 1
003 A 061 2 1
005 A 061 2 1
007 A 061 2 1
009 A 061 2 1
011 A 061 2 1
013 A 061 2 1
015 A 061 2 1
017 A 061 2 1
019 A 061 2 1
001 A 062 3 1
003 A 062 3 1
005 A 062 3 1
007 A 062 3 1
009 A 062 3 1
011 A 062 3 1
013 A 062 3 0
015 A 062 3 1
017 A 062 3 1
019 A 062 3 1
001 A 063 5 0
003 A 063 5 1
005 A 063 5 0
007 A 063 5 0
009 A 063 5 1
011 A 063 5 1
013 A 063 5 0
015 A 063 5 0
017 A 063 5 1
019 A 063 5 0
001 A 064 4 1
003 A 064 4 1
005 A 064 4 1
007 A 064 4 1
009 A 064 4 1
011 A 064 4 1
013 A 064 4 1
015 A 064 4 1
017 A 064 4 1
019 A 064 4 1
001 A 065 3 1
003 A 065 3 1
005 A 065 3 1
007 A 065 3 1
009 A 065 3 1
011 A 065 3 1
013 A 065 3 1
015 A 065 3 1
017 A 065 3 1
019 A 065 3 1
001 A 066 4 1
003 A 066 4 0
005 A 066 4 1
007 A 066 4 1
009 A 066 4 1
011 A 066 4 1
013 A 066 4 1
015 A 066 4 1
017 A 066 4 1
019 A 066 4 0
001 A 067 1 1
003 A 067 1 1
005 A 067 1 1
007 A 067 1 1
009 A 067 1 1
011 A 067 1 1
013 A 067 1 1
015 A 067 1 1
017 A 067 1 1
019 A 067 1 1
001 A 068 4 1
003 A 068 4 1
005 A 068 4 1
007 A 068 4 1
009 A 068 4 1
011 A 068 4 1
013 A 068 4 1
015 A 068 4 1
017 A 068 4 0
019 A 068 4 1
001 A 069 5 0
003 A 069 5 1
005 A 069 5 0
007 A 069 5 1
009 A 069 5 0
011 A 069 5 0
013 A 069 5 1
015 A 069 5 1
017 A 069 5 1
019 A 069 5 1
001 A 070 3 1
003 A 070 3 1
005 A 070 3 1
007 A 070 3 0
009 A 070 3 1
011 A 070 3 1
013 A 070 3 1
015 A 070 3 1
017 A 070 3 1
019 A 070 3 1
001 A 071 3 1
003 A 071 3 0
005 A 071 3 1
007 A 071 3 1
009 A 071 3 1
011 A 071 3 1
013 A 071 3 1
015 A 071 3 1
017 A 071 3 1
019 A 071 3 1
001 A 072 4 1
003 A 072 4 1
005 A 072 4 1
007 A 072 4 1
009 A 072 4 1
011 A 072 4 1
013 A 072 4 1
015 A 072 4 0
017 A 072 4 1
019 A 072 4 1
001 A 073 1 0
003 A 073 1 1
005 A 073 1 0
007 A 073 1 1
009 A 073 1 1
011 A 073 1 0
013 A 073 1 0
015 A 073 1 1
017 A 073 1 1
019 A 073 1 0
001 A 074 5 0
003 A 074 5 1
005 A 074 5 0
007 A 074 5 1
009 A 074 5 0
011 A 074 5 1
013 A 074 5 1
015 A 074 5 0
017 A 074 5 1
019 A 074 5 1
001 A 075 2 1
003 A 075 2 0
005 A 075 2 1
007 A 075 2 1
009 A 075 2 0
011 A 075 2 1
013 A 075 2 1
015 A 075 2 1
017 A 075 2 1
019 A 075 2 0
001 A 076 5 1
003 A 076 5 1
005 A 076 5 1
007 A 076 5 1
009 A 076 5 1
011 A 076 5 0
013 A 076 5 1
015 A 076 5 1
017 A 076 5 1
019 A 076 5 1
001 A 077 5 1
003 A 077 5 0
005 A 077 5 0
007 A 077 5 1
009 A 077 5 1
011 A 077 5 0
013 A 077 5 1
015 A 077 5 0
017 A 077 5 1
019 A 077 5 0
001 A 078 2 0
003 A 078 2 1
005 A 078 2 1
007 A 078 2 1
009 A 078 2 1
011 A 078 2 0
013 A 078 2 1
015 A 078 2 1
017 A 078 2 1
019 A 078 2 0
001 A 079 5 1
003 A 079 5 1
005 A 079 5 1
007 A 079 5 1
009 A 079 5 1
011 A 079 5 1
013 A 079 5 1
015 A 079 5 1
017 A 079 5 1
019 A 079 5 1
001 A 080 3 1
003 A 080 3 0
005 A 080 3 1
007 A 080 3 1
009 A 080 3 1
011 A 080 3 0
013 A 080 3 1
015 A 080 3 1
017 A 080 3 1
019 A 080 3 1
001 A 081 2 1
003 A 081 2 1
005 A 081 2 1
007 A 081 2 1
009 A 081 2 1
011 A 081 2 1
013 A 081 2 1
015 A 081 2 1
017 A 081 2 1
019 A 081 2 1
001 A 082 1 0
003 A 082 1 0
005 A 082 1 0
007 A 082 1 1
009 A 082 1 0
011 A 082 1 0
013 A 082 1 0
015 A 082 1 0
017 A 082 1 1
019 A 082 1 0
001 A 083 3 1
003 A 083 3 1
005 A 083 3 1
007 A 083 3 1
009 A 083 3 0
011 A 083 3 1
013 A 083 3 1
015 A 083 3 1
017 A 083 3 1
019 A 083 3 0
001 A 084 5 0
003 A 084 5 0
005 A 084 5 0
007 A 084 5 0
009 A 084 5 0
011 A 084 5 0
013 A 084 5 1
015 A 084 5 1
017 A 084 5 0
019 A 084 5 1
001 A 085 3 1
003 A 085 3 1
005 A 085 3 1
007 A 085 3 1
009 A 085 3 1
011 A 085 3 1
013 A 085 3 1
015 A 085 3 1
017 A 085 3 1
019 A 085 3 1
001 A 086 5 1
003 A 086 5 1
005 A 086 5 1
007 A 086 5 1
009 A 086 5 1
011 A 086 5 1
013 A 086 5 1
015 A 086 5 1
017 A 086 5 1
019 A 086 5 0
001 A 087 2 1
003 A 087 2 1
005 A 087 2 1
007 A 087 2 1
009 A 087 2 1
011 A 087 2 1
013 A 087 2 0
015 A 087 2 1
017 A 087 2 1
019 A 087 2 0
001 A 088 2 1
003 A 088 2 1
005 A 088 2 1
007 A 088 2 1
009 A 088 2 1
011 A 088 2 0
013 A 088 2 1
015 A 088 2 0
017 A 088 2 0
019 A 088 2 1
001 A 089 4 1
003 A 089 4 1
005 A 089 4 1
007 A 089 4 1
009 A 089 4 1
011 A 089 4 1
013 A 089 4 1
015 A 089 4 1
017 A 089 4 1
019 A 089 4 1
001 A 090 2 0
003 A 090 2 0
005 A 090 2 1
007 A 090 2 0
009 A 090 2 0
011 A 090 2 0
013 A 090 2 0
015 A 090 2 0
017 A 090 2 0
019 A 090 2 1
001 A 091 2 0
003 A 091 2 1
005 A 091 2 1
007 A 091 2 1
009 A 091 2 1
011 A 091 2 1
013 A 091 2 0
015 A 091 2 1
017 A 091 2 1
019 A 091 2 0
001 A 092 5 1
003 A 092 5 1
005 A 092 5 1
007 A 092 5 1
009 A 092 5 1
011 A 092 5 1
013 A 092 5 1
015 A 092 5 1
017 A 092 5 1
019 A 092 5 1
001 A 093 3 0
003 A 093 3 0
005 A 093 3 1
007 A 093 3 1
009 A 093 3 1
011 A 093 3 1
013 A 093 3 1
015 A 093 3 1
017 A 093 3 1
019 A 093 3 0
001 A 094 4 0
003 A 094 4 0
005 A 094 4 1
007 A 094 4 0
009 A 094 4 0
011 A 094 4 0
013 A 094 4 0
015 A 094 4 0
017 A 094 4 0
019 A 094 4 0
001 A 095 1 1
003 A 095 1 1
005 A 095 1 1
007 A 095 1 1
009 A 095 1 1
011 A 095 1 1
013 A 095 1 1
015 A 095 1 1
017 A 095 1 1
019 A 095 1 1
001 A 096 3 1
003 A 096 3 1
005 A 096 3 1
007 A 096 3 1
009 A 096 3 1
011 A 096 3 1
013 A 096 3 1
015 A 096 3 1
017 A 096 3 1
019 A 096 3 1
001 A 097 5 0
003 A 097 5 1
005 A 097 5 1
007 A 097 5 1
009 A 097 5 1
011 A 097 5 1
013 A 097 5 1
015 A 097 5 1
017 A 097 5 1
019 A 097 5 1
001 A 098 4 0
003 A 098 4 0
005 A 098 4 0
007 A 098 4 1
009 A 098 4 0
011 A 098 4 0
013 A 098 4 1
015 A 098 4 0
017 A 098 4 0
019 A 098 4 0
001 A 099 2 0
003 A 099 2 0
005 A 099 2 0
007 A 099 2 0
009 A 099 2 0
011 A 099 2 0
013 A 099 2 0
015 A 099 2 0
017 A 099 2 0
019 A 099 2 0
001 A 100 1 0
003 A 100 1 1
005 A 100 1 0
007 A 100 1 0
009 A 100 1 1
011 A 100 1 0
013 A 100 1 0
015 A 100 1 1
017 A 100 1 0
019 A 100 1 0
001 A 101 3 1
003 A 101 3 1
005 A 101 3 1
007 A 101 3 1
009 A 101 3 1
011 A 101 3 1
013 A 101 3 1
015 A 101 3 1
017 A 101 3 1
019 A 101 3 1
001 A 102 4 1
003 A 102 4 1
005 A 102 4 1
007 A 102 4 1
009 A 102 4 1
011 A 102 4 1
013 A 102 4 1
015 A 102 4 1
017 A 102 4 1
019 A 102 4 1
001 A 103 3 1
003 A 103 3 1
005 A 103 3 1
007 A 103 3 1
009 A 103 3 1
011 A 103 3 1
013 A 103 3 1
015 A 103 3 1
017 A 103 3 1
019 A 103 3 1
001 A 104 1 0
003 A 104 1 1
005 A 104 1 1
007 A 104 1 0
009 A 104 1 1
011 A 104 1 1
013 A 104 1 0
015 A 104 1 1
017 A 104 1 1
019 A 104 1 1
001 A 105 1 0
003 A 105 1 0
005 A 105 1 1
007 A 105 1 1
009 A 105 1 1
011 A 105 1 0
013 A 105 1 1
015 A 105 1 0
017 A 105 1 1
019 A 105 1 1
001 A 106 4 0
003 A 106 4 0
005 A 106 4 1
007 A 106 4 1
009 A 106 4 0
011 A 106 4 0
013 A 106 4 0
015 A 106 4 0
017 A 106 4 1
019 A 106 4 0
001 A 107 2 1
003 A 107 2 1
005 A 107 2 0
007 A 107 2 1
009 A 107 2 1
011 A 107 2 1
013 A 107 2 1
015 A 107 2 1
017 A 107 2 1
019 A 107 2 0
001 A 108 3 1
003 A 108 3 1
005 A 108 3 1
007 A 108 3 1
009 A 108 3 1
011 A 108 3 1
013 A 108 3 1
015 A 108 3 1
017 A 108 3 1
019 A 108 3 0
001 A 109 2 0
003 A 109 2 1
005 A 109 2 1
007 A 109 2 1
009 A 109 2 1
011 A 109 2 1
013 A 109 2 1
015 A 109 2 1
017 A 109 2 1
019 A 109 2 0
001 A 110 4 1
003 A 110 4 0
005 A 110 4 1
007 A 110 4 1
009 A 110 4 1
011 A 110 4 0
013 A 110 4 1
015 A 110 4 1
017 A 110 4 0
019 A 110 4 0
001 A 111 3 0
003 A 111 3 1
005 A 111 3 1
007 A 111 3 1
009 A 111 3 0
011 A 111 3 1
013 A 111 3 1
015 A 111 3 1
017 A 111 3 0
019 A 111 3 0
001 A 112 4 1
003 A 112 4 0
005 A 112 4 1
007 A 112 4 1
009 A 112 4 1
011 A 112 4 0
013 A 112 4 1
015 A 112 4 1
017 A 112 4 1
019 A 112 4 1
001 A 113 1 1
003 A 113 1 0
005 A 113 1 1
007 A 113 1 1
009 A 113 1 0
011 A 113 1 1
013 A 113 1 1
015 A 113 1 1
017 A 113 1 0
019 A 113 1 0
001 A 114 4 1
003 A 114 4 1
005 A 114 4 0
007 A 114 4 1
009 A 114 4 1
011 A 114 4 0
013 A 114 4 1
015 A 114 4 0
017 A 114 4 1
019 A 114 4 0
001 A 115 2 1
003 A 115 2 0
005 A 115 2 1
007 A 115 2 1
009 A 115 2 1
011 A 115 2 1
013 A 115 2 0
015 A 115 2 1
017 A 115 2 1
019 A 115 2 1
001 A 116 3 1
003 A 116 3 0
005 A 116 3 0
007 A 116 3 0
009 A 116 3 1
011 A 116 3 0
013 A 116 3 0
015 A 116 3 1
017 A 116 3 1
019 A 116 3 0
001 A 117 5 0
003 A 117 5 1
005 A 117 5 0
007 A 117 5 1
009 A 117 5 0
011 A 117 5 0
013 A 117 5 0
015 A 117 5 1
017 A 117 5 0
019 A 117 5 0
001 A 118 3 1
003 A 118 3 1
005 A 118 3 1
007 A 118 3 1
009 A 118 3 1
011 A 118 3 1
013 A 118 3 1
015 A 118 3 1
017 A 118 3 1
019 A 118 3 1
001 A 119 5 1
003 A 119 5 1
005 A 119 5 0
007 A 119 5 1
009 A 119 5 0
011 A 119 5 1
013 A 119 5 1
015 A 119 5 1
017 A 119 5 0
019 A 119 5 1
001 A 120 1 0
003 A 120 1 1
005 A 120 1 1
007 A 120 1 0
009 A 120 1 0
011 A 120 1 1
013 A 120 1 0
015 A 120 1 1
017 A 120 1 0
019 A 120 1 0
001 A 121 2 1
003 A 121 2 0
005 A 121 2 1
007 A 121 2 1
009 A 121 2 1
011 A 121 2 0
013 A 121 2 0
015 A 121 2 0
017 A 121 2 1
019 A 121 2 0
001 A 122 1 1
003 A 122 1 1
005 A 122 1 1
007 A 122 1 1
009 A 122 1 1
011 A 122 1 1
013 A 122 1 1
015 A 122 1 1
017 A 122 1 1
019 A 122 1 1
001 A 123 2 0
003 A 123 2 0
005 A 123 2 1
007 A 123 2 1
009 A 123 2 0
011 A 123 2 1
013 A 123 2 0
015 A 123 2 0
017 A 123 2 0
019 A 123 2 0
001 A 124 4 1
003 A 124 4 1
005 A 124 4 0
007 A 124 4 1
009 A 124 4 1
011 A 124 4 1
013 A 124 4 1
015 A 124 4 1
017 A 124 4 1
019 A 124 4 0
001 A 125 1 0
003 A 125 1 0
005 A 125 1 0
007 A 125 1 0
009 A 125 1 0
011 A 125 1 0
013 A 125 1 0
015 A 125 1 1
017 A 125 1 0
019 A 125 1 1
001 A 126 1 0
003 A 126 1 0
005 A 126 1 0
007 A 126 1 0
009 A 126 1 0
011 A 126 1 0
013 A 126 1 0
015 A 126 1 0
017 A 126 1 1
019 A 126 1 0
001 A 127 3 0
003 A 127 3 0
005 A 127 3 1
007 A 127 3 0
009 A 127 3 0
011 A 127 3 1
013 A 127 3 0
015 A 127 3 0
017 A 127 3 1
019 A 127 3 0
001 A 128 1 0
003 A 128 1 0
005 A 128 1 1
007 A 128 1 1
009 A 128 1 1
011 A 128 1 1
013 A 128 1 1
015 A 128 1 0
017 A 128 1 1
019 A 128 1 0
001 A 129 2 1
003 A 129 2 1
005 A 129 2 1
007 A 129 2 1
009 A 129 2 1
011 A 129 2 1
013 A 129 2 1
015 A 129 2 1
017 A 129 2 1
019 A 129 2 1
001 A 130 4 1
003 A 130 4 1
005 A 130 4 1
007 A 130 4 1
009 A 130 4 1
011 A 130 4 1
013 A 130 4 1
015 A 130 4 1
017 A 130 4 1
019 A 130 4 1
001 A 131 3 1
003 A 131 3 1
005 A 131 3 1
007 A 131 3 1
009 A 131 3 1
011 A 131 3 1
013 A 131 3 1
015 A 131 3 1
017 A 131 3 1
019 A 131 3 1
001 A 132 2 1
003 A 132 2 1
005 A 132 2 1
007 A 132 2 1
009 A 132 2 1
011 A 132 2 1
013 A 132 2 0
015 A 132 2 1
017 A 132 2 1
019 A 132 2 1
001 A 133 5 1
003 A 133 5 1
005 A 133 5 1
007 A 133 5 1
009 A 133 5 1
011 A 133 5 0
013 A 133 5 1
015 A 133 5 1
017 A 133 5 1
019 A 133 5 1
001 A 134 2 0
003 A 134 2 1
005 A 134 2 0
007 A 134 2 1
009 A 134 2 1
011 A 134 2 1
013 A 134 2 1
015 A 134 2 0
017 A 134 2 1
019 A 134 2 0
001 A 135 4 1
003 A 135 4 1
005 A 135 4 1
007 A 135 4 1
009 A 135 4 1
011 A 135 4 1
013 A 135 4 1
015 A 135 4 1
017 A 135 4 1
019 A 135 4 0
001 A 136 2 1
003 A 136 2 1
005 A 136 2 1
007 A 136 2 1
009 A 136 2 1
011 A 136 2 1
013 A 136 2 1
015 A 136 2 1
017 A 136 2 1
019 A 136 2 0
001 A 137 1 1
003 A 137 1 1
005 A 137 1 1
007 A 137 1 1
009 A 137 1 1
011 A 137 1 1
013 A 137 1 1
015 A 137 1 1
017 A 137 1 1
019 A 137 1 1
001 A 138 4 1
003 A 138 4 1
005 A 138 4 0
007 A 138 4 1
009 A 138 4 1
011 A 138 4 1
013 A 138 4 1
015 A 138 4 0
017 A 138 4 1
019 A 138 4 0
001 A 139 4 0
003 A 139 4 0
005 A 139 4 0
007 A 139 4 0
009 A 139 4 0
011 A 139 4 0
013 A 139 4 0
015 A 139 4 1
017 A 139 4 0
019 A 139 4 0
001 A 140 1 1
003 A 140 1 1
005 A 140 1 1
007 A 140 1 1
009 A 140 1 0
011 A 140 1 1
013 A 140 1 1
015 A 140 1 0
017 A 140 1 1
019 A 140 1 0
001 A 141 4 1
003 A 141 4 1
005 A 141 4 1
007 A 141 4 1
009 A 141 4 1
011 A 141 4 0
013 A 141 4 1
015 A 141 4 0
017 A 141 4 1
019 A 141 4 1
001 A 142 2 1
003 A 142 2 1
005 A 142 2 1
007 A 142 2 1
009 A 142 2 1
011 A 142 2 1
013 A 142 2 1
015 A 142 2 1
017 A 142 2 1
019 A 142 2 1
001 A 143 2 1
003 A 143 2 0
005 A 143 2 1
007 A 143 2 1
009 A 143 2 1
011 A 143 2 1
013 A 143 2 1
015 A 143 2 1
017 A 143 2 1
019 A 143 2 1
001 A 144 2 1
003 A 144 2 0
005 A 144 2 0
007 A 144 2 1
009 A 144 2 1
011 A 144 2 1
013 A 144 2 0
015 A 144 2 1
017 A 144 2 1
019 A 144 2 0
001 A 145 2 1
003 A 145 2 1
005 A 145 2 1
007 A 145 2 1
009 A 145 2 1
011 A 145 2 1
013 A 145 2 1
015 A 145 2 1
017 A 145 2 1
019 A 145 2 1
001 A 146 3 1
003 A 146 3 1
005 A 146 3 1
007 A 146 3 1
009 A 146 3 0
011 A 146 3 1
013 A 146 3 0
015 A 146 3 0
017 A 146 3 1
019 A 146 3 1
001 A 147 2 1
003 A 147 2 1
005 A 147 2 1
007 A 147 2 1
009 A 147 2 1
011 A 147 2 1
013 A 147 2 1
015 A 147 2 1
017 A 147 2 1
019 A 147 2 1
001 A 148 5 0
003 A 148 5 0
005 A 148 5 0
007 A 148 5 0
009 A 148 5 0
011 A 148 5 0
013 A 148 5 0
015 A 148 5 0
017 A 148 5 0
019 A 148 5 0
001 A 149 1 1
003 A 149 1 1
005 A 149 1 1
007 A 149 1 1
009 A 149 1 1
011 A 149 1 1
013 A 149 1 1
015 A 149 1 1
017 A 149 1 1
019 A 149 1 1
001 A 150 4 1
003 A 150 4 0
005 A 150 4 1
007 A 150 4 0
009 A 150 4 1
011 A 150 4 1
013 A 150 4 1
015 A 150 4 1
017 A 150 4 1
019 A 150 4 1
021 B 001 5 1
023 B 001 5 0
025 B 001 5 0
027 B 001 5 0
029 B 001 5 0
031 B 001 5 0
033 B 001 5 0
035 B 001 5 0
037 B 001 5 1
039 B 001 5 0
021 B 002 4 0
023 B 002 4 1
025 B 002 4 1
027 B 002 4 1
029 B 002 4 0
031 B 002 4 0
033 B 002 4 1
035 B 002 4 1
037 B 002 4 1
039 B 002 4 1
021 B 003 5 1
023 B 003 5 1
025 B 003 5 1
027 B 003 5 0
029 B 003 5 1
031 B 003 5 1
033 B 003 5 1
035 B 003 5 0
037 B 003 5 0
039 B 003 5 1
021 B 004 5 1
023 B 004 5 1
025 B 004 5 1
027 B 004 5 1
029 B 004 5 1
031 B 004 5 1
033 B 004 5 1
035 B 004 5 1
037 B 004 5 1
039 B 004 5 1
021 B 005 2 1
023 B 005 2 1
025 B 005 2 1
027 B 005 2 0
029 B 005 2 0
031 B 005 2 0
033 B 005 2 1
035 B 005 2 1
037 B 005 2 1
039 B 005 2 0
021 B 006 4 1
023 B 006 4 0
025 B 006 4 1
027 B 006 4 1
029 B 006 4 0
031 B 006 4 1
033 B 006 4 0
035 B 006 4 1
037 B 006 4 1
039 B 006 4 1
021 B 007 2 0
023 B 007 2 1
025 B 007 2 1
027 B 007 2 1
029 B 007 2 1
031 B 007 2 1
033 B 007 2 1
035 B 007 2 1
037 B 007 2 1
039 B 007 2 1
021 B 008 3 1
023 B 008 3 1
025 B 008 3 1
027 B 008 3 1
029 B 008 3 1
031 B 008 3 1
033 B 008 3 1
035 B 008 3 1
037 B 008 3 0
039 B 008 3 1
021 B 009 5 1
023 B 009 5 1
025 B 009 5 1
027 B 009 5 1
029 B 009 5 1
031 B 009 5 1
033 B 009 5 1
035 B 009 5 1
037 B 009 5 1
039 B 009 5 1
021 B 010 2 1
023 B 010 2 0
025 B 010 2 0
027 B 010 2 0
029 B 010 2 1
031 B 010 2 1
033 B 010 2 0
035 B 010 2 0
037 B 010 2 0
039 B 010 2 0
021 B 011 2 0
023 B 011 2 0
025 B 011 2 0
027 B 011 2 0
029 B 011 2 0
031 B 011 2 0
033 B 011 2 0
035 B 011 2 1
037 B 011 2 0
039 B 011 2 0
021 B 012 4 1
023 B 012 4 1
025 B 012 4 1
027 B 012 4 1
029 B 012 4 1
031 B 012 4 1
033 B 012 4 1
035 B 012 4 1
037 B 012 4 1
039 B 012 4 0
021 B 013 3 1
023 B 013 3 1
025 B 013 3 1
027 B 013 3 0
029 B 013 3 1
031 B 013 3 1
033 B 013 3 1
035 B 013 3 1
037 B 013 3 0
039 B 013 3 1
021 B 014 1 0
023 B 014 1 1
025 B 014 1 1
027 B 014 1 1
029 B 014 1 1
031 B 014 1 0
033 B 014 1 0
035 B 014 1 0
037 B 014 1 0
039 B 014 1 0
021 B 015 3 0
023 B 015 3 1
025 B 015 3 1
027 B 015 3 1
029 B 015 3 1
031 B 015 3 1
033 B 015 3 1
035 B 015 3 0
037 B 015 3 1
039 B 015 3 1
021 B 016 2 0
023 B 016 2 0
025 B 016 2 1
027 B 016 2 0
029 B 016 2 1
031 B 016 2 0
033 B 016 2 0
035 B 016 2 0
037 B 016 2 1
039 B 016 2 1
021 B 017 1 1
023 B 017 1 1
025 B 017 1 1
027 B 017 1 1
029 B 017 1 1
031 B 017 1 1
033 B 017 1 0
035 B 017 1 0
037 B 017 1 0
039 B 017 1 1
021 B 018 5 1
023 B 018 5 0
025 B 018 5 0
027 B 018 5 1
029 B 018 5 1
031 B 018 5 0
033 B 018 5 0
035 B 018 5 1
037 B 018 5 0
039 B 018 5 1
021 B 019 1 0
023 B 019 1 0
025 B 019 1 0
027 B 019 1 0
029 B 019 1 0
031 B 019 1 1
033 B 019 1 0
035 B 019 1 1
037 B 019 1 1
039 B 019 1 1
021 B 020 4 1
023 B 020 4 1
025 B 020 4 1
027 B 020 4 1
029 B 020 4 0
031 B 020 4 1
033 B 020 4 0
035 B 020 4 0
037 B 020 4 1
039 B 020 4 1
021 B 021 1 0
023 B 021 1 1
025 B 021 1 1
027 B 021 1 0
029 B 021 1 1
031 B 021 1 0
033 B 021 1 0
035 B 021 1 1
037 B 021 1 1
039 B 021 1 1
021 B 022 5 1
023 B 022 5 1
025 B 022 5 1
027 B 022 5 1
029 B 022 5 1
031 B 022 5 1
033 B 022 5 0
035 B 022 5 1
037 B 022 5 1
039 B 022 5 1
021 B 023 3 0
023 B 023 3 1
025 B 023 3 0
027 B 023 3 0
029 B 023 3 0
031 B 023 3 0
033 B 023 3 1
035 B 023 3 0
037 B 023 3 0
039 B 023 3 1
021 B 024 4 1
023 B 024 4 0
025 B 024 4 1
027 B 024 4 1
029 B 024 4 1
031 B 024 4 1
033 B 024 4 1
035 B 024 4 1
037 B 024 4 1
039 B 024 4 1
021 B 025 3 0
023 B 025 3 0
025 B 025 3 1
027 B 025 3 0
029 B 025 3 0
031 B 025 3 1
033 B 025 3 0
035 B 025 3 1
037 B 025 3 1
039 B 025 3 1
021 B 026 2 1
023 B 026 2 0
025 B 026 2 1
027 B 026 2 1
029 B 026 2 1
031 B 026 2 0
033 B 026 2 0
035 B 026 2 1
037 B 026 2 1
039 B 026 2 1
021 B 027 3 0
023 B 027 3 1
025 B 027 3 1
027 B 027 3 1
029 B 027 3 1
031 B 027 3 0
033 B 027 3 1
035 B 027 3 1
037 B 027 3 1
039 B 027 3 1
021 B 028 3 1
023 B 028 3 1
025 B 028 3 1
027 B 028 3 0
029 B 028 3 0
031 B 028 3 1
033 B 028 3 0
035 B 028 3 1
037 B 028 3 1
039 B 028 3 1
021 B 029 4 1
023 B 029 4 1
025 B 029 4 1
027 B 029 4 1
029 B 029 4 1
031 B 029 4 1
033 B 029 4 1
035 B 029 4 1
037 B 029 4 1
039 B 029 4 1
021 B 030 4 0
023 B 030 4 0
025 B 030 4 1
027 B 030 4 1
029 B 030 4 1
031 B 030 4 0
033 B 030 4 1
035 B 030 4 0
037 B 030 4 0
039 B 030 4 0
021 B 031 1 1
023 B 031 1 1
025 B 031 1 1
027 B 031 1 0
029 B 031 1 1
031 B 031 1 1
033 B 031 1 1
035 B 031 1 1
037 B 031 1 1
039 B 031 1 1
021 B 032 2 1
023 B 032 2 1
025 B 032 2 1
027 B 032 2 1
029 B 032 2 1
031 B 032 2 1
033 B 032 2 1
035 B 032 2 1
037 B 032 2 1
039 B 032 2 1
021 B 033 3 0
023 B 033 3 1
025 B 033 3 1
027 B 033 3 1
029 B 033 3 0
031 B 033 3 1
033 B 033 3 1
035 B 033 3 0
037 B 033 3 0
039 B 033 3 1
021 B 034 4 1
023 B 034 4 1
025 B 034 4 0
027 B 034 4 1
029 B 034 4 0
031 B 034 4 0
033 B 034 4 0
035 B 034 4 0
037 B 034 4 0
039 B 034 4 1
021 B 035 5 0
023 B 035 5 1
025 B 035 5 1
027 B 035 5 1
029 B 035 5 0
031 B 035 5 0
033 B 035 5 1
035 B 035 5 0
037 B 035 5 1
039 B 035 5 0
021 B 036 1 0
023 B 036 1 1
025 B 036 1 1
027 B 036 1 0
029 B 036 1 0
031 B 036 1 0
033 B 036 1 0
035 B 036 1 1
037 B 036 1 0
039 B 036 1 1
021 B 037 5 0
023 B 037 5 0
025 B 037 5 1
027 B 037 5 1
029 B 037 5 1
031 B 037 5 1
033 B 037 5 1
035 B 037 5 1
037 B 037 5 0
039 B 037 5 1
021 B 038 1 1
023 B 038 1 1
025 B 038 1 1
027 B 038 1 1
029 B 038 1 1
031 B 038 1 1
033 B 038 1 1
035 B 038 1 1
037 B 038 1 1
039 B 038 1 1
021 B 039 2 1
023 B 039 2 1
025 B 039 2 1
027 B 039 2 1
029 B 039 2 1
031 B 039 2 1
033 B 039 2 1
035 B 039 2 1
037 B 039 2 1
039 B 039 2 1
021 B 040 1 1
023 B 040 1 1
025 B 040 1 1
027 B 040 1 1
029 B 040 1 1
031 B 040 1 1
033 B 040 1 1
035 B 040 1 1
037 B 040 1 1
039 B 040 1 1
021 B 041 3 1
023 B 041 3 1
025 B 041 3 1
027 B 041 3 1
029 B 041 3 1
031 B 041 3 1
033 B 041 3 0
035 B 041 3 1
037 B 041 3 1
039 B 041 3 1
021 B 042 1 1
023 B 042 1 0
025 B 042 1 1
027 B 042 1 0
029 B 042 1 1
031 B 042 1 0
033 B 042 1 0
035 B 042 1 1
037 B 042 1 1
039 B 042 1 1
021 B 043 1 1
023 B 043 1 1
025 B 043 1 0
027 B 043 1 0
029 B 043 1 1
031 B 043 1 1
033 B 043 1 0
035 B 043 1 1
037 B 043 1 1
039 B 043 1 1
021 B 044 5 0
023 B 044 5 1
025 B 044 5 0
027 B 044 5 0
029 B 044 5 0
031 B 044 5 0
033 B 044 5 0
035 B 044 5 1
037 B 044 5 0
039 B 044 5 0
021 B 045 2 1
023 B 045 2 1
025 B 045 2 1
027 B 045 2 1
029 B 045 2 1
031 B 045 2 1
033 B 045 2 1
035 B 045 2 1
037 B 045 2 1
039 B 045 2 1
021 B 046 4 1
023 B 046 4 1
025 B 046 4 1
027 B 046 4 1
029 B 046 4 1
031 B 046 4 1
033 B 046 4 0
035 B 046 4 1
037 B 046 4 1
039 B 046 4 1
021 B 047 4 1
023 B 047 4 1
025 B 047 4 1
027 B 047 4 1
029 B 047 4 1
031 B 047 4 1
033 B 047 4 1
035 B 047 4 1
037 B 047 4 1
039 B 047 4 1
021 B 048 5 1
023 B 048 5 1
025 B 048 5 1
027 B 048 5 0
029 B 048 5 0
031 B 048 5 1
033 B 048 5 1
035 B 048 5 1
037 B 048 5 1
039 B 048 5 0
021 B 049 3 1
023 B 049 3 1
025 B 049 3 1
027 B 049 3 0
029 B 049 3 0
031 B 049 3 1
033 B 049 3 1
035 B 049 3 1
037 B 049 3 1
039 B 049 3 1
021 B 050 4 0
023 B 050 4 0
025 B 050 4 1
027 B 050 4 1
029 B 050 4 1
031 B 050 4 1
033 B 050 4 1
035 B 050 4 1
037 B 050 4 0
039 B 050 4 0
021 B 051 1 1
023 B 051 1 1
025 B 051 1 1
027 B 051 1 1
029 B 051 1 1
031 B 051 1 1
033 B 051 1 1
035 B 051 1 1
037 B 051 1 1
039 B 051 1 1
021 B 052 3 1
023 B 052 3 1
025 B 052 3 1
027 B 052 3 0
029 B 052 3 0
031 B 052 3 1
033 B 052 3 1
035 B 052 3 1
037 B 052 3 1
039 B 052 3 1
021 B 053 2 1
023 B 053 2 1
025 B 053 2 1
027 B 053 2 1
029 B 053 2 1
031 B 053 2 1
033 B 053 2 0
035 B 053 2 0
037 B 053 2 1
039 B 053 2 1
021 B 054 1 1
023 B 054 1 1
025 B 054 1 1
027 B 054 1 0
029 B 054 1 1
031 B 054 1 0
033 B 054 1 1
035 B 054 1 1
037 B 054 1 1
039 B 054 1 1
021 B 055 2 0
023 B 055 2 0
025 B 055 2 1
027 B 055 2 0
029 B 055 2 0
031 B 055 2 0
033 B 055 2 0
035 B 055 2 0
037 B 055 2 0
039 B 055 2 0
021 B 056 5 0
023 B 056 5 1
025 B 056 5 0
027 B 056 5 0
029 B 056 5 1
031 B 056 5 0
033 B 056 5 1
035 B 056 5 0
037 B 056 5 0
039 B 056 5 0
021 B 057 3 1
023 B 057 3 1
025 B 057 3 1
027 B 057 3 1
029 B 057 3 1
031 B 057 3 1
033 B 057 3 1
035 B 057 3 1
037 B 057 3 1
039 B 057 3 1
021 B 058 1 1
023 B 058 1 1
025 B 058 1 1
027 B 058 1 0
029 B 058 1 0
031 B 058 1 0
033 B 058 1 1
035 B 058 1 1
037 B 058 1 1
039 B 058 1 1
021 B 059 2 1
023 B 059 2 1
025 B 059 2 1
027 B 059 2 1
029 B 059 2 1
031 B 059 2 1
033 B 059 2 1
035 B 059 2 1
037 B 059 2 1
039 B 059 2 1
021 B 060 1 1
023 B 060 1 1
025 B 060 1 1
027 B 060 1 1
029 B 060 1 1
031 B 060 1 1
033 B 060 1 1
035 B 060 1 1
037 B 060 1 1
039 B 060 1 1
021 B 061 2 1
023 B 061 2 1
025 B 061 2 1
027 B 061 2 1
029 B 061 2 1
031 B 061 2 1
033 B 061 2 1
035 B 061 2 1
037 B 061 2 1
039 B 061 2 1
021 B 062 3 1
023 B 062 3 1
025 B 062 3 1
027 B 062 3 0
029 B 062 3 1
031 B 062 3 0
033 B 062 3 1
035 B 062 3 1
037 B 062 3 1
039 B 062 3 1
021 B 063 5 0
023 B 063 5 0
025 B 063 5 1
027 B 063 5 0
029 B 063 5 0
031 B 063 5 1
033 B 063 5 1
035 B 063 5 0
037 B 063 5 1
039 B 063 5 0
021 B 064 4 1
023 B 064 4 1
025 B 064 4 1
027 B 064 4 1
029 B 064 4 1
031 B 064 4 1
033 B 064 4 1
035 B 064 4 1
037 B 064 4 0
039 B 064 4 1
021 B 065 3 1
023 B 065 3 1
025 B 065 3 1
027 B 065 3 0
029 B 065 3 1
031 B 065 3 1
033 B 065 3 1
035 B 065 3 1
037 B 065 3 1
039 B 065 3 1
021 B 066 4 1
023 B 066 4 1
025 B 066 4 0
027 B 066 4 1
029 B 066 4 1
031 B 066 4 1
033 B 066 4 0
035 B 066 4 1
037 B 066 4 1
039 B 066 4 1
021 B 067 1 1
023 B 067 1 1
025 B 067 1 1
027 B 067 1 1
029 B 067 1 1
031 B 067 1 1
033 B 067 1 1
035 B 067 1 1
037 B 067 1 1
039 B 067 1 1
021 B 068 4 0
023 B 068 4 1
025 B 068 4 1
027 B 068 4 1
029 B 068 4 1
031 B 068 4 1
033 B 068 4 0
035 B 068 4 1
037 B 068 4 1
039 B 068 4 1
021 B 069 5 0
023 B 069 5 0
025 B 069 5 1
027 B 069 5 0
029 B 069 5 0
031 B 069 5 0
033 B 069 5 0
035 B 069 5 1
037 B 069 5 0
039 B 069 5 1
021 B 070 3 1
023 B 070 3 1
025 B 070 3 1
027 B 070 3 0
029 B 070 3 1
031 B 070 3 1
033 B 070 3 1
035 B 070 3 1
037 B 070 3 1
039 B 070 3 1
021 B 071 3 1
023 B 071 3 1
025 B 071 3 1
027 B 071 3 1
029 B 071 3 1
031 B 071 3 1
033 B 071 3 1
035 B 071 3 1
037 B 071 3 1
039 B 071 3 1
021 B 072 4 1
023 B 072 4 1
025 B 072 4 1
027 B 072 4 1
029 B 072 4 1
031 B 072 4 1
033 B 072 4 1
035 B 072 4 1
037 B 072 4 1
039 B 072 4 1
021 B 073 1 0
023 B 073 1 1
025 B 073 1 1
027 B 073 1 1
029 B 073 1 1
031 B 073 1 1
033 B 073 1 0
035 B 073 1 1
037 B 073 1 1
039 B 073 1 1
021 B 074 5 1
023 B 074 5 0
025 B 074 5 0
027 B 074 5 1
029 B 074 5 1
031 B 074 5 0
033 B 074 5 1
035 B 074 5 1
037 B 074 5 1
039 B 074 5 1
021 B 075 2 0
023 B 075 2 0
025 B 075 2 0
027 B 075 2 1
029 B 075 2 1
031 B 075 2 0
033 B 075 2 1
035 B 075 2 1
037 B 075 2 0
039 B 075 2 0
021 B 076 5 1
023 B 076 5 1
025 B 076 5 1
027 B 076 5 1
029 B 076 5 1
031 B 076 5 1
033 B 076 5 1
035 B 076 5 1
037 B 076 5 1
039 B 076 5 1
021 B 077 5 0
023 B 077 5 1
025 B 077 5 1
027 B 077 5 1
029 B 077 5 1
031 B 077 5 1
033 B 077 5 0
035 B 077 5 1
037 B 077 5 0
039 B 077 5 0
021 B 078 2 1
023 B 078 2 0
025 B 078 2 1
027 B 078 2 1
029 B 078 2 0
031 B 078 2 1
033 B 078 2 0
035 B 078 2 0
037 B 078 2 1
039 B 078 2 1
021 B 079 5 0
023 B 079 5 1
025 B 079 5 1
027 B 079 5 1
029 B 079 5 1
031 B 079 5 1
033 B 079 5 0
035 B 079 5 1
037 B 079 5 1
039 B 079 5 1
021 B 080 3 0
023 B 080 3 1
025 B 080 3 0
027 B 080 3 0
029 B 080 3 1
031 B 080 3 0
033 B 080 3 0
035 B 080 3 1
037 B 080 3 1
039 B 080 3 1
021 B 081 2 1
023 B 081 2 1
025 B 081 2 1
027 B 081 2 1
029 B 081 2 0
031 B 081 2 1
033 B 081 2 1
035 B 081 2 1
037 B 081 2 1
039 B 081 2 1
021 B 082 1 0
023 B 082 1 0
025 B 082 1 1
027 B 082 1 0
029 B 082 1 0
031 B 082 1 0
033 B 082 1 0
035 B 082 1 0
037 B 082 1 1
039 B 082 1 1
021 B 083 3 1
023 B 083 3 1
025 B 083 3 1
027 B 083 3 1
029 B 083 3 1
031 B 083 3 1
033 B 083 3 0
035 B 083 3 1
037 B 083 3 1
039 B 083 3 1
021 B 084 5 0
023 B 084 5 1
025 B 084 5 0
027 B 084 5 0
029 B 084 5 1
031 B 084 5 0
033 B 084 5 0
035 B 084 5 0
037 B 084 5 1
039 B 084 5 1
021 B 085 3 1
023 B 085 3 1
025 B 085 3 1
027 B 085 3 1
029 B 085 3 1
031 B 085 3 1
033 B 085 3 1
035 B 085 3 1
037 B 085 3 1
039 B 085 3 1
021 B 086 5 1
023 B 086 5 1
025 B 086 5 1
027 B 086 5 1
029 B 086 5 1
031 B 086 5 1
033 B 086 5 1
035 B 086 5 1
037 B 086 5 1
039 B 086 5 1
021 B 087 2 1
023 B 087 2 1
025 B 087 2 1
027 B 087 2 1
029 B 087 2 0
031 B 087 2 1
033 B 087 2 1
035 B 087 2 1
037 B 087 2 1
039 B 087 2 1
021 B 088 2 1
023 B 088 2 1
025 B 088 2 1
027 B 088 2 1
029 B 088 2 1
031 B 088 2 1
033 B 088 2 1
035 B 088 2 1
037 B 088 2 1
039 B 088 2 0
021 B 089 4 1
023 B 089 4 1
025 B 089 4 1
027 B 089 4 1
029 B 089 4 1
031 B 089 4 0
033 B 089 4 1
035 B 089 4 1
037 B 089 4 1
039 B 089 4 1
021 B 090 2 0
023 B 090 2 0
025 B 090 2 0
027 B 090 2 0
029 B 090 2 1
031 B 090 2 0
033 B 090 2 1
035 B 090 2 0
037 B 090 2 0
039 B 090 2 0
021 B 091 2 1
023 B 091 2 0
025 B 091 2 0
027 B 091 2 1
029 B 091 2 0
031 B 091 2 1
033 B 091 2 0
035 B 091 2 1
037 B 091 2 0
039 B 091 2 1
021 B 092 5 1
023 B 092 5 1
025 B 092 5 1
027 B 092 5 1
029 B 092 5 1
031 B 092 5 1
033 B 092 5 1
035 B 092 5 1
037 B 092 5 1
039 B 092 5 1
021 B 093 3 1
023 B 093 3 1
025 B 093 3 1
027 B 093 3 1
029 B 093 3 1
031 B 093 3 1
033 B 093 3 1
035 B 093 3 1
037 B 093 3 1
039 B 093 3 1
021 B 094 4 0
023 B 094 4 0
025 B 094 4 0
027 B 094 4 1
029 B 094 4 0
031 B 094 4 1
033 B 094 4 0
035 B 094 4 0
037 B 094 4 0
039 B 094 4 0
021 B 095 1 1
023 B 095 1 1
025 B 095 1 1
027 B 095 1 1
029 B 095 1 1
031 B 095 1 1
033 B 095 1 1
035 B 095 1 1
037 B 095 1 1
039 B 095 1 1
021 B 096 3 1
023 B 096 3 1
025 B 096 3 1
027 B 096 3 0
029 B 096 3 1
031 B 096 3 1
033 B 096 3 0
035 B 096 3 1
037 B 096 3 1
039 B 096 3 1
021 B 097 5 1
023 B 097 5 1
025 B 097 5 1
027 B 097 5 0
029 B 097 5 0
031 B 097 5 1
033 B 097 5 0
035 B 097 5 1
037 B 097 5 1
039 B 097 5 1
021 B 098 4 1
023 B 098 4 0
025 B 098 4 0
027 B 098 4 1
029 B 098 4 1
031 B 098 4 0
033 B 098 4 0
035 B 098 4 1
037 B 098 4 0
039 B 098 4 0
021 B 099 2 0
023 B 099 2 1
025 B 099 2 0
027 B 099 2 0
029 B 099 2 0
031 B 099 2 1
033 B 099 2 0
035 B 099 2 0
037 B 099 2 0
039 B 099 2 0
021 B 100 1 0
023 B 100 1 1
025 B 100 1 1
027 B 100 1 0
029 B 100 1 1
031 B 100 1 1
033 B 100 1 0
035 B 100 1 1
037 B 100 1 1
039 B 100 1 1
021 B 101 3 1
023 B 101 3 1
025 B 101 3 1
027 B 101 3 1
029 B 101 3 1
031 B 101 3 1
033 B 101 3 1
035 B 101 3 1
037 B 101 3 1
039 B 101 3 1
021 B 102 4 1
023 B 102 4 1
025 B 102 4 1
027 B 102 4 1
029 B 102 4 1
031 B 102 4 1
033 B 102 4 1
035 B 102 4 1
037 B 102 4 1
039 B 102 4 1
021 B 103 3 1
023 B 103 3 1
025 B 103 3 1
027 B 103 3 1
029 B 103 3 1
031 B 103 3 1
033 B 103 3 1
035 B 103 3 1
037 B 103 3 1
039 B 103 3 1
021 B 104 1 1
023 B 104 1 0
025 B 104 1 0
027 B 104 1 0
029 B 104 1 0
031 B 104 1 1
033 B 104 1 1
035 B 104 1 1
037 B 104 1 1
039 B 104 1 1
021 B 105 1 0
023 B 105 1 1
025 B 105 1 1
027 B 105 1 1
029 B 105 1 1
031 B 105 1 0
033 B 105 1 1
035 B 105 1 1
037 B 105 1 0
039 B 105 1 0
021 B 106 4 1
023 B 106 4 0
025 B 106 4 0
027 B 106 4 0
029 B 106 4 0
031 B 106 4 1
033 B 106 4 0
035 B 106 4 0
037 B 106 4 1
039 B 106 4 1
021 B 107 2 1
023 B 107 2 1
025 B 107 2 1
027 B 107 2 1
029 B 107 2 1
031 B 107 2 1
033 B 107 2 1
035 B 107 2 1
037 B 107 2 1
039 B 107 2 1
021 B 108 3 1
023 B 108 3 1
025 B 108 3 1
027 B 108 3 1
029 B 108 3 1
031 B 108 3 1
033 B 108 3 1
035 B 108 3 1
037 B 108 3 1
039 B 108 3 1
021 B 109 2 1
023 B 109 2 1
025 B 109 2 1
027 B 109 2 1
029 B 109 2 1
031 B 109 2 1
033 B 109 2 1
035 B 109 2 1
037 B 109 2 1
039 B 109 2 1
021 B 110 4 1
023 B 110 4 1
025 B 110 4 0
027 B 110 4 0
029 B 110 4 1
031 B 110 4 0
033 B 110 4 1
035 B 110 4 0
037 B 110 4 1
039 B 110 4 0
021 B 111 3 0
023 B 111 3 1
025 B 111 3 0
027 B 111 3 0
029 B 111 3 1
031 B 111 3 0
033 B 111 3 0
035 B 111 3 1
037 B 111 3 1
039 B 111 3 1
021 B 112 4 0
023 B 112 4 0
025 B 112 4 0
027 B 112 4 0
029 B 112 4 1
031 B 112 4 1
033 B 112 4 0
035 B 112 4 1
037 B 112 4 1
039 B 112 4 0
021 B 113 1 1
023 B 113 1 1
025 B 113 1 1
027 B 113 1 0
029 B 113 1 0
031 B 113 1 0
033 B 113 1 0
035 B 113 1 1
037 B 113 1 0
039 B 113 1 1
021 B 114 4 0
023 B 114 4 1
025 B 114 4 0
027 B 114 4 0
029 B 114 4 0
031 B 114 4 1
033 B 114 4 0
035 B 114 4 0
037 B 114 4 1
039 B 114 4 0
021 B 115 2 0
023 B 115 2 1
025 B 115 2 1
027 B 115 2 1
029 B 115 2 1
031 B 115 2 1
033 B 115 2 1
035 B 115 2 1
037 B 115 2 1
039 B 115 2 1
021 B 116 3 1
023 B 116 3 0
025 B 116 3 1
027 B 116 3 0
029 B 116 3 0
031 B 116 3 1
033 B 116 3 0
035 B 116 3 1
037 B 116 3 0
039 B 116 3 1
021 B 117 5 0
023 B 117 5 1
025 B 117 5 0
027 B 117 5 0
029 B 117 5 1
031 B 117 5 0
033 B 117 5 1
035 B 117 5 0
037 B 117 5 1
039 B 117 5 0
021 B 118 3 1
023 B 118 3 1
025 B 118 3 0
027 B 118 3 1
029 B 118 3 1
031 B 118 3 0
033 B 118 3 1
035 B 118 3 1
037 B 118 3 1
039 B 118 3 1
021 B 119 5 1
023 B 119 5 1
025 B 119 5 0
027 B 119 5 1
029 B 119 5 1
031 B 119 5 0
033 B 119 5 0
035 B 119 5 1
037 B 119 5 1
039 B 119 5 1
021 B 120 1 1
023 B 120 1 0
025 B 120 1 0
027 B 120 1 0
029 B 120 1 0
031 B 120 1 0
033 B 120 1 1
035 B 120 1 1
037 B 120 1 0
039 B 120 1 0
021 B 121 2 1
023 B 121 2 1
025 B 121 2 1
027 B 121 2 1
029 B 121 2 0
031 B 121 2 1
033 B 121 2 0
035 B 121 2 1
037 B 121 2 1
039 B 121 2 1
021 B 122 1 1
023 B 122 1 1
025 B 122 1 0
027 B 122 1 1
029 B 122 1 1
031 B 122 1 1
033 B 122 1 1
035 B 122 1 1
037 B 122 1 1
039 B 122 1 1
021 B 123 2 0
023 B 123 2 1
025 B 123 2 1
027 B 123 2 1
029 B 123 2 0
031 B 123 2 1
033 B 123 2 1
035 B 123 2 0
037 B 123 2 1
039 B 123 2 0
021 B 124 4 1
023 B 124 4 1
025 B 124 4 1
027 B 124 4 1
029 B 124 4 1
031 B 124 4 1
033 B 124 4 1
035 B 124 4 1
037 B 124 4 1
039 B 124 4 1
021 B 125 1 0
023 B 125 1 0
025 B 125 1 0
027 B 125 1 0
029 B 125 1 1
031 B 125 1 0
033 B 125 1 0
035 B 125 1 0
037 B 125 1 0
039 B 125 1 0
021 B 126 1 1
023 B 126 1 0
025 B 126 1 0
027 B 126 1 0
029 B 126 1 0
031 B 126 1 0
033 B 126 1 1
035 B 126 1 0
037 B 126 1 0
039 B 126 1 1
021 B 127 3 0
023 B 127 3 1
025 B 127 3 0
027 B 127 3 0
029 B 127 3 0
031 B 127 3 0
033 B 127 3 0
035 B 127 3 0
037 B 127 3 1
039 B 127 3 0
021 B 128 1 0
023 B 128 1 1
025 B 128 1 1
027 B 128 1 0
029 B 128 1 0
031 B 128 1 1
033 B 128 1 0
035 B 128 1 1
037 B 128 1 1
039 B 128 1 1
021 B 129 2 1
023 B 129 2 1
025 B 129 2 1
027 B 129 2 1
029 B 129 2 1
031 B 129 2 1
033 B 129 2 1
035 B 129 2 1
037 B 129 2 1
039 B 129 2 1
021 B 130 4 1
023 B 130 4 1
025 B 130 4 1
027 B 130 4 1
029 B 130 4 1
031 B 130 4 1
033 B 130 4 1
035 B 130 4 1
037 B 130 4 1
039 B 130 4 1
021 B 131 3 1
023 B 131 3 1
025 B 131 3 1
027 B 131 3 1
029 B 131 3 1
031 B 131 3 1
033 B 131 3 1
035 B 131 3 1
037 B 131 3 1
039 B 131 3 1
021 B 132 2 1
023 B 132 2 1
025 B 132 2 1
027 B 132 2 1
029 B 132 2 1
031 B 132 2 1
033 B 132 2 1
035 B 132 2 1
037 B 132 2 1
039 B 132 2 1
021 B 133 5 0
023 B 133 5 1
025 B 133 5 1
027 B 133 5 1
029 B 133 5 1
031 B 133 5 1
033 B 133 5 1
035 B 133 5 1
037 B 133 5 1
039 B 133 5 1
021 B 134 2 0
023 B 134 2 1
025 B 134 2 1
027 B 134 2 1
029 B 134 2 0
031 B 134 2 1
033 B 134 2 0
035 B 134 2 0
037 B 134 2 1
039 B 134 2 1
021 B 135 4 1
023 B 135 4 1
025 B 135 4 1
027 B 135 4 1
029 B 135 4 1
031 B 135 4 1
033 B 135 4 1
035 B 135 4 1
037 B 135 4 1
039 B 135 4 1
021 B 136 2 1
023 B 136 2 1
025 B 136 2 1
027 B 136 2 0
029 B 136 2 1
031 B 136 2 1
033 B 136 2 1
035 B 136 2 1
037 B 136 2 1
039 B 136 2 1
021 B 137 1 1
023 B 137 1 1
025 B 137 1 1
027 B 137 1 0
029 B 137 1 0
031 B 137 1 1
033 B 137 1 1
035 B 137 1 1
037 B 137 1 1
039 B 137 1 0
021 B 138 4 0
023 B 138 4 1
025 B 138 4 1
027 B 138 4 0
029 B 138 4 1
031 B 138 4 1
033 B 138 4 0
035 B 138 4 1
037 B 138 4 1
039 B 138 4 1
021 B 139 4 1
023 B 139 4 0
025 B 139 4 0
027 B 139 4 0
029 B 139 4 0
031 B 139 4 0
033 B 139 4 0
035 B 139 4 0
037 B 139 4 0
039 B 139 4 0
021 B 140 1 1
023 B 140 1 0
025 B 140 1 1
027 B 140 1 1
029 B 140 1 0
031 B 140 1 1
033 B 140 1 1
035 B 140 1 1
037 B 140 1 0
039 B 140 1 1
021 B 141 4 0
023 B 141 4 1
025 B 141 4 1
027 B 141 4 0
029 B 141 4 0
031 B 141 4 1
033 B 141 4 0
035 B 141 4 1
037 B 141 4 1
039 B 141 4 1
021 B 142 2 1
023 B 142 2 1
025 B 142 2 1
027 B 142 2 1
029 B 142 2 1
031 B 142 2 1
033 B 142 2 1
035 B 142 2 1
037 B 142 2 1
039 B 142 2 1
021 B 143 2 0
023 B 143 2 1
025 B 143 2 1
027 B 143 2 1
029 B 143 2 1
031 B 143 2 1
033 B 143 2 1
035 B 143 2 1
037 B 143 2 1
039 B 143 2 1
021 B 144 2 1
023 B 144 2 1
025 B 144 2 1
027 B 144 2 1
029 B 144 2 1
031 B 144 2 1
033 B 144 2 1
035 B 144 2 1
037 B 144 2 1
039 B 144 2 1
021 B 145 2 1
023 B 145 2 1
025 B 145 2 1
027 B 145 2 1
029 B 145 2 1
031 B 145 2 1
033 B 145 2 1
035 B 145 2 1
037 B 145 2 0
039 B 145 2 1
021 B 146 3 0
023 B 146 3 1
025 B 146 3 1
027 B 146 3 1
029 B 146 3 1
031 B 146 3 1
033 B 146 3 0
035 B 146 3 1
037 B 146 3 1
039 B 146 3 1
021 B 147 2 1
023 B 147 2 1
025 B 147 2 1
027 B 147 2 1
029 B 147 2 1
031 B 147 2 1
033 B 147 2 1
035 B 147 2 1
037 B 147 2 1
039 B 147 2 1
021 B 148 5 1
023 B 148 5 0
025 B 148 5 0
027 B 148 5 0
029 B 148 5 0
031 B 148 5 0
033 B 148 5 0
035 B 148 5 0
037 B 148 5 0
039 B 148 5 0
021 B 149 1 0
023 B 149 1 1
025 B 149 1 1
027 B 149 1 1
029 B 149 1 0
031 B 149 1 1
033 B 149 1 1
035 B 149 1 0
037 B 149 1 1
039 B 149 1 1
021 B 150 4 1
023 B 150 4 1
025 B 150 4 1
027 B 150 4 0
029 B 150 4 1
031 B 150 4 1
033 B 150 4 1
035 B 150 4 1
037 B 150 4 1
039 B 150 4 1
