5,1
4,2
5,3
5,4
2,5
4,6
2,7
3,8
5,9
2,10
2,11
4,12
3,13
1,14
3,15
2,16
1,17
5,18
1,19
4,20
1,21
5,22
3,23
4,24
3,25
2,26
3,27
3,28
4,29
4,30
1,31
2,32
3,33
4,34
5,35
1,36
5,37
1,38
2,39
1,40
3,41
1,42
1,43
5,44
2,45
4,46
4,47
5,48
3,49
4,50
1,51
3,52
2,53
1,54
2,55
5,56
3,57
1,58
2,59
1,60
2,61
3,62
5,63
4,64
3,65
4,66
1,67
4,68
5,69
3,70
3,71
4,72
1,73
5,74
2,75
5,76
5,77
2,78
5,79
3,80
2,81
1,82
3,83
5,84
3,85
5,86
2,87
2,88
4,89
2,90
2,91
5,92
3,93
4,94
1,95
3,96
5,97
4,98
2,99
1,100
3,101
4,102
3,103
1,104
1,105
4,106
2,107
3,108
2,109
4,110
3,111
4,112
1,113
4,114
2,115
3,116
5,117
3,118
5,119
1,120
2,121
1,122
2,123
4,124
1,125
1,126
3,127
1,128
2,129
4,130
3,131
2,132
5,133
2,134
4,135
2,136
1,137
4,138
4,139
1,140
4,141
2,142
2,143
2,144
2,145
3,146
2,147
5,148
1,149
4,150
