5 001
4 002
5 003
5 004
2 005
4 006
2 007
3 008
5 009
2 010
2 011
4 012
3 013
1 014
3 015
2 016
1 017
5 018
1 019
4 020
1 021
5 022
3 023
4 024
3 025
2 026
3 027
3 028
4 029
4 030
1 031
2 032
3 033
4 034
5 035
1 036
5 037
1 038
2 039
1 040
3 041
1 042
1 043
5 044
2 045
4 046
4 047
5 048
3 049
4 050
1 051
3 052
2 053
1 054
2 055
5 056
3 057
1 058
2 059
1 060
2 061
3 062
5 063
4 064
3 065
4 066
1 067
4 068
5 069
3 070
3 071
4 072
1 073
5 074
2 075
5 076
5 077
2 078
5 079
3 080
2 081
1 082
3 083
5 084
3 085
5 086
2 087
2 088
4 089
2 090
2 091
5 092
3 093
4 094
1 095
3 096
5 097
4 098
2 099
1 100
3 101
4 102
3 103
1 104
1 105
4 106
2 107
3 108
2 109
4 110
3 111
4 112
1 113
4 114
2 115
3 116
5 117
3 118
5 119
1 120
2 121
1 122
2 123
4 124
1 125
1 126
3 127
1 128
2 129
4 130
3 131
2 132
5 133
2 134
4 135
2 136
1 137
4 138
4 139
1 140
4 141
2 142
2 143
2 144
2 145
3 146
2 147
5 148
1 149
4 150
