021 B 001 1
023 B 001 0
025 B 001 0
027 B 001 0
029 B 001 0
031 B 001 0
033 B 001 0
035 B 001 0
037 B 001 1
039 B 001 0
021 B 002 0
023 B 002 1
025 B 002 1
027 B 002 1
029 B 002 0
031 B 002 0
033 B 002 1
035 B 002 1
037 B 002 1
039 B 002 1
021 B 003 1
023 B 003 1
025 B 003 1
027 B 003 0
029 B 003 1
031 B 003 1
033 B 003 1
035 B 003 0
037 B 003 0
039 B 003 1
021 B 004 1
023 B 004 1
025 B 004 1
027 B 004 1
029 B 004 1
031 B 004 1
033 B 004 1
035 B 004 1
037 B 004 1
039 B 004 1
021 B 005 1
023 B 005 1
025 B 005 1
027 B 005 0
029 B 005 0
031 B 005 0
033 B 005 1
035 B 005 1
037 B 005 1
039 B 005 0
021 B 006 1
023 B 006 0
025 B 006 1
027 B 006 1
029 B 006 0
031 B 006 1
033 B 006 0
035 B 006 1
037 B 006 1
039 B 006 1
021 B 007 0
023 B 007 1
025 B 007 1
027 B 007 1
029 B 007 1
031 B 007 1
033 B 007 1
035 B 007 1
037 B 007 1
039 B 007 1
021 B 008 1
023 B 008 1
025 B 008 1
027 B 008 1
029 B 008 1
031 B 008 1
033 B 008 1
035 B 008 1
037 B 008 0
039 B 008 1
021 B 009 1
023 B 009 1
025 B 009 1
027 B 009 1
029 B 009 1
031 B 009 1
033 B 009 1
035 B 009 1
037 B 009 1
039 B 009 1
021 B 010 1
023 B 010 0
025 B 010 0
027 B 010 0
029 B 010 1
031 B 010 1
033 B 010 0
035 B 010 0
037 B 010 0
039 B 010 0
021 B 011 0
023 B 011 0
025 B 011 0
027 B 011 0
029 B 011 0
031 B 011 0
033 B 011 0
035 B 011 1
037 B 011 0
039 B 011 0
021 B 012 1
023 B 012 1
025 B 012 1
027 B 012 1
029 B 012 1
031 B 012 1
033 B 012 1
035 B 012 1
037 B 012 1
039 B 012 0
021 B 013 1
023 B 013 1
025 B 013 1
027 B 013 0
029 B 013 1
031 B 013 1
033 B 013 1
035 B 013 1
037 B 013 0
039 B 013 1
021 B 014 0
023 B 014 1
025 B 014 1
027 B 014 1
029 B 014 1
031 B 014 0
033 B 014 0
035 B 014 0
037 B 014 0
039 B 014 0
021 B 015 0
023 B 015 1
025 B 015 1
027 B 015 1
029 B 015 1
031 B 015 1
033 B 015 1
035 B 015 0
037 B 015 1
039 B 015 1
021 B 016 0
023 B 016 0
025 B 016 1
027 B 016 0
029 B 016 1
031 B 016 0
033 B 016 0
035 B 016 0
037 B 016 1
039 B 016 1
021 B 017 1
023 B 017 1
025 B 017 1
027 B 017 1
029 B 017 1
031 B 017 1
033 B 017 0
035 B 017 0
037 B 017 0
039 B 017 1
021 B 018 1
023 B 018 0
025 B 018 0
027 B 018 1
029 B 018 1
031 B 018 0
033 B 018 0
035 B 018 1
037 B 018 0
039 B 018 1
021 B 019 0
023 B 019 0
025 B 019 0
027 B 019 0
029 B 019 0
031 B 019 1
033 B 019 0
035 B 019 1
037 B 019 1
039 B 019 1
021 B 020 1
023 B 020 1
025 B 020 1
027 B 020 1
029 B 020 0
031 B 020 1
033 B 020 0
035 B 020 0
037 B 020 1
039 B 020 1
021 B 021 0
023 B 021 1
025 B 021 1
027 B 021 0
029 B 021 1
031 B 021 0
033 B 021 0
035 B 021 1
037 B 021 1
039 B 021 1
021 B 022 1
023 B 022 1
025 B 022 1
027 B 022 1
029 B 022 1
031 B 022 1
033 B 022 0
035 B 022 1
037 B 022 1
039 B 022 1
021 B 023 0
023 B 023 1
025 B 023 0
027 B 023 0
029 B 023 0
031 B 023 0
033 B 023 1
035 B 023 0
037 B 023 0
039 B 023 1
021 B 024 1
023 B 024 0
025 B 024 1
027 B 024 1
029 B 024 1
031 B 024 1
033 B 024 1
035 B 024 1
037 B 024 1
039 B 024 1
021 B 025 0
023 B 025 0
025 B 025 1
027 B 025 0
029 B 025 0
031 B 025 1
033 B 025 0
035 B 025 1
037 B 025 1
039 B 025 1
021 B 026 1
023 B 026 0
025 B 026 1
027 B 026 1
029 B 026 1
031 B 026 0
033 B 026 0
035 B 026 1
037 B 026 1
039 B 026 1
021 B 027 0
023 B 027 1
025 B 027 1
027 B 027 1
029 B 027 1
031 B 027 0
033 B 027 1
035 B 027 1
037 B 027 1
039 B 027 1
021 B 028 1
023 B 028 1
025 B 028 1
027 B 028 0
029 B 028 0
031 B 028 1
033 B 028 0
035 B 028 1
037 B 028 1
039 B 028 1
021 B 029 1
023 B 029 1
025 B 029 1
027 B 029 1
029 B 029 1
031 B 029 1
033 B 029 1
035 B 029 1
037 B 029 1
039 B 029 1
021 B 030 0
023 B 030 0
025 B 030 1
027 B 030 1
029 B 030 1
031 B 030 0
033 B 030 1
035 B 030 0
037 B 030 0
039 B 030 0
021 B 031 1
023 B 031 1
025 B 031 1
027 B 031 0
029 B 031 1
031 B 031 1
033 B 031 1
035 B 031 1
037 B 031 1
039 B 031 1
021 B 032 1
023 B 032 1
025 B 032 1
027 B 032 1
029 B 032 1
031 B 032 1
033 B 032 1
035 B 032 1
037 B 032 1
039 B 032 1
021 B 033 0
023 B 033 1
025 B 033 1
027 B 033 1
029 B 033 0
031 B 033 1
033 B 033 1
035 B 033 0
037 B 033 0
039 B 033 1
021 B 034 1
023 B 034 1
025 B 034 0
027 B 034 1
029 B 034 0
031 B 034 0
033 B 034 0
035 B 034 0
037 B 034 0
039 B 034 1
021 B 035 0
023 B 035 1
025 B 035 1
027 B 035 1
029 B 035 0
031 B 035 0
033 B 035 1
035 B 035 0
037 B 035 1
039 B 035 0
021 B 036 0
023 B 036 1
025 B 036 1
027 B 036 0
029 B 036 0
031 B 036 0
033 B 036 0
035 B 036 1
037 B 036 0
039 B 036 1
021 B 037 0
023 B 037 0
025 B 037 1
027 B 037 1
029 B 037 1
031 B 037 1
033 B 037 1
035 B 037 1
037 B 037 0
039 B 037 1
021 B 038 1
023 B 038 1
025 B 038 1
027 B 038 1
029 B 038 1
031 B 038 1
033 B 038 1
035 B 038 1
037 B 038 1
039 B 038 1
021 B 039 1
023 B 039 1
025 B 039 1
027 B 039 1
029 B 039 1
031 B 039 1
033 B 039 1
035 B 039 1
037 B 039 1
039 B 039 1
021 B 040 1
023 B 040 1
025 B 040 1
027 B 040 1
029 B 040 1
031 B 040 1
033 B 040 1
035 B 040 1
037 B 040 1
039 B 040 1
021 B 041 1
023 B 041 1
025 B 041 1
027 B 041 1
029 B 041 1
031 B 041 1
033 B 041 0
035 B 041 1
037 B 041 1
039 B 041 1
021 B 042 1
023 B 042 0
025 B 042 1
027 B 042 0
029 B 042 1
031 B 042 0
033 B 042 0
035 B 042 1
037 B 042 1
039 B 042 1
021 B 043 1
023 B 043 1
025 B 043 0
027 B 043 0
029 B 043 1
031 B 043 1
033 B 043 0
035 B 043 1
037 B 043 1
039 B 043 1
021 B 044 0
023 B 044 1
025 B 044 0
027 B 044 0
029 B 044 0
031 B 044 0
033 B 044 0
035 B 044 1
037 B 044 0
039 B 044 0
021 B 045 1
023 B 045 1
025 B 045 1
027 B 045 1
029 B 045 1
031 B 045 1
033 B 045 1
035 B 045 1
037 B 045 1
039 B 045 1
021 B 046 1
023 B 046 1
025 B 046 1
027 B 046 1
029 B 046 1
031 B 046 1
033 B 046 0
035 B 046 1
037 B 046 1
039 B 046 1
021 B 047 1
023 B 047 1
025 B 047 1
027 B 047 1
029 B 047 1
031 B 047 1
033 B 047 1
035 B 047 1
037 B 047 1
039 B 047 1
021 B 048 1
023 B 048 1
025 B 048 1
027 B 048 0
029 B 048 0
031 B 048 1
033 B 048 1
035 B 048 1
037 B 048 1
039 B 048 0
021 B 049 1
023 B 049 1
025 B 049 1
027 B 049 0
029 B 049 0
031 B 049 1
033 B 049 1
035 B 049 1
037 B 049 1
039 B 049 1
021 B 050 0
023 B 050 0
025 B 050 1
027 B 050 1
029 B 050 1
031 B 050 1
033 B 050 1
035 B 050 1
037 B 050 0
039 B 050 0
021 B 051 1
023 B 051 1
025 B 051 1
027 B 051 1
029 B 051 1
031 B 051 1
033 B 051 1
035 B 051 1
037 B 051 1
039 B 051 1
021 B 052 1
023 B 052 1
025 B 052 1
027 B 052 0
029 B 052 0
031 B 052 1
033 B 052 1
035 B 052 1
037 B 052 1
039 B 052 1
021 B 053 1
023 B 053 1
025 B 053 1
027 B 053 1
029 B 053 1
031 B 053 1
033 B 053 0
035 B 053 0
037 B 053 1
039 B 053 1
021 B 054 1
023 B 054 1
025 B 054 1
027 B 054 0
029 B 054 1
031 B 054 0
033 B 054 1
035 B 054 1
037 B 054 1
039 B 054 1
021 B 055 0
023 B 055 0
025 B 055 1
027 B 055 0
029 B 055 0
031 B 055 0
033 B 055 0
035 B 055 0
037 B 055 0
039 B 055 0
021 B 056 0
023 B 056 1
025 B 056 0
027 B 056 0
029 B 056 1
031 B 056 0
033 B 056 1
035 B 056 0
037 B 056 0
039 B 056 0
021 B 057 1
023 B 057 1
025 B 057 1
027 B 057 1
029 B 057 1
031 B 057 1
033 B 057 1
035 B 057 1
037 B 057 1
039 B 057 1
021 B 058 1
023 B 058 1
025 B 058 1
027 B 058 0
029 B 058 0
031 B 058 0
033 B 058 1
035 B 058 1
037 B 058 1
039 B 058 1
021 B 059 1
023 B 059 1
025 B 059 1
027 B 059 1
029 B 059 1
031 B 059 1
033 B 059 1
035 B 059 1
037 B 059 1
039 B 059 1
021 B 060 1
023 B 060 1
025 B 060 1
027 B 060 1
029 B 060 1
031 B 060 1
033 B 060 1
035 B 060 1
037 B 060 1
039 B 060 1
021 B 061 1
023 B 061 1
025 B 061 1
027 B 061 1
029 B 061 1
031 B 061 1
033 B 061 1
035 B 061 1
037 B 061 1
039 B 061 1
021 B 062 1
023 B 062 1
025 B 062 1
027 B 062 0
029 B 062 1
031 B 062 0
033 B 062 1
035 B 062 1
037 B 062 1
039 B 062 1
021 B 063 0
023 B 063 0
025 B 063 1
027 B 063 0
029 B 063 0
031 B 063 1
033 B 063 1
035 B 063 0
037 B 063 1
039 B 063 0
021 B 064 1
023 B 064 1
025 B 064 1
027 B 064 1
029 B 064 1
031 B 064 1
033 B 064 1
035 B 064 1
037 B 064 0
039 B 064 1
021 B 065 1
023 B 065 1
025 B 065 1
027 B 065 0
029 B 065 1
031 B 065 1
033 B 065 1
035 B 065 1
037 B 065 1
039 B 065 1
021 B 066 1
023 B 066 1
025 B 066 0
027 B 066 1
029 B 066 1
031 B 066 1
033 B 066 0
035 B 066 1
037 B 066 1
039 B 066 1
021 B 067 1
023 B 067 1
025 B 067 1
027 B 067 1
029 B 067 1
031 B 067 1
033 B 067 1
035 B 067 1
037 B 067 1
039 B 067 1
021 B 068 0
023 B 068 1
025 B 068 1
027 B 068 1
029 B 068 1
031 B 068 1
033 B 068 0
035 B 068 1
037 B 068 1
039 B 068 1
021 B 069 0
023 B 069 0
025 B 069 1
027 B 069 0
029 B 069 0
031 B 069 0
033 B 069 0
035 B 069 1
037 B 069 0
039 B 069 1
021 B 070 1
023 B 070 1
025 B 070 1
027 B 070 0
029 B 070 1
031 B 070 1
033 B 070 1
035 B 070 1
037 B 070 1
039 B 070 1
021 B 071 1
023 B 071 1
025 B 071 1
027 B 071 1
029 B 071 1
031 B 071 1
033 B 071 1
035 B 071 1
037 B 071 1
039 B 071 1
021 B 072 1
023 B 072 1
025 B 072 1
027 B 072 1
029 B 072 1
031 B 072 1
033 B 072 1
035 B 072 1
037 B 072 1
039 B 072 1
021 B 073 0
023 B 073 1
025 B 073 1
027 B 073 1
029 B 073 1
031 B 073 1
033 B 073 0
035 B 073 1
037 B 073 1
039 B 073 1
021 B 074 1
023 B 074 0
025 B 074 0
027 B 074 1
029 B 074 1
031 B 074 0
033 B 074 1
035 B 074 1
037 B 074 1
039 B 074 1
021 B 075 0
023 B 075 0
025 B 075 0
027 B 075 1
029 B 075 1
031 B 075 0
033 B 075 1
035 B 075 1
037 B 075 0
039 B 075 0
021 B 076 1
023 B 076 1
025 B 076 1
027 B 076 1
029 B 076 1
031 B 076 1
033 B 076 1
035 B 076 1
037 B 076 1
039 B 076 1
021 B 077 0
023 B 077 1
025 B 077 1
027 B 077 1
029 B 077 1
031 B 077 1
033 B 077 0
035 B 077 1
037 B 077 0
039 B 077 0
021 B 078 1
023 B 078 0
025 B 078 1
027 B 078 1
029 B 078 0
031 B 078 1
033 B 078 0
035 B 078 0
037 B 078 1
039 B 078 1
021 B 079 0
023 B 079 1
025 B 079 1
027 B 079 1
029 B 079 1
031 B 079 1
033 B 079 0
035 B 079 1
037 B 079 1
039 B 079 1
021 B 080 0
023 B 080 1
025 B 080 0
027 B 080 0
029 B 080 1
031 B 080 0
033 B 080 0
035 B 080 1
037 B 080 1
039 B 080 1
021 B 081 1
023 B 081 1
025 B 081 1
027 B 081 1
029 B 081 0
031 B 081 1
033 B 081 1
035 B 081 1
037 B 081 1
039 B 081 1
021 B 082 0
023 B 082 0
025 B 082 1
027 B 082 0
029 B 082 0
031 B 082 0
033 B 082 0
035 B 082 0
037 B 082 1
039 B 082 1
021 B 083 1
023 B 083 1
025 B 083 1
027 B 083 1
029 B 083 1
031 B 083 1
033 B 083 0
035 B 083 1
037 B 083 1
039 B 083 1
021 B 084 0
023 B 084 1
025 B 084 0
027 B 084 0
029 B 084 1
031 B 084 0
033 B 084 0
035 B 084 0
037 B 084 1
039 B 084 1
021 B 085 1
023 B 085 1
025 B 085 1
027 B 085 1
029 B 085 1
031 B 085 1
033 B 085 1
035 B 085 1
037 B 085 1
039 B 085 1
021 B 086 1
023 B 086 1
025 B 086 1
027 B 086 1
029 B 086 1
031 B 086 1
033 B 086 1
035 B 086 1
037 B 086 1
039 B 086 1
021 B 087 1
023 B 087 1
025 B 087 1
027 B 087 1
029 B 087 0
031 B 087 1
033 B 087 1
035 B 087 1
037 B 087 1
039 B 087 1
021 B 088 1
023 B 088 1
025 B 088 1
027 B 088 1
029 B 088 1
031 B 088 1
033 B 088 1
035 B 088 1
037 B 088 1
039 B 088 0
021 B 089 1
023 B 089 1
025 B 089 1
027 B 089 1
029 B 089 1
031 B 089 0
033 B 089 1
035 B 089 1
037 B 089 1
039 B 089 1
021 B 090 0
023 B 090 0
025 B 090 0
027 B 090 0
029 B 090 1
031 B 090 0
033 B 090 1
035 B 090 0
037 B 090 0
039 B 090 0
021 B 091 1
023 B 091 0
025 B 091 0
027 B 091 1
029 B 091 0
031 B 091 1
033 B 091 0
035 B 091 1
037 B 091 0
039 B 091 1
021 B 092 1
023 B 092 1
025 B 092 1
027 B 092 1
029 B 092 1
031 B 092 1
033 B 092 1
035 B 092 1
037 B 092 1
039 B 092 1
021 B 093 1
023 B 093 1
025 B 093 1
027 B 093 1
029 B 093 1
031 B 093 1
033 B 093 1
035 B 093 1
037 B 093 1
039 B 093 1
021 B 094 0
023 B 094 0
025 B 094 0
027 B 094 1
029 B 094 0
031 B 094 1
033 B 094 0
035 B 094 0
037 B 094 0
039 B 094 0
021 B 095 1
023 B 095 1
025 B 095 1
027 B 095 1
029 B 095 1
031 B 095 1
033 B 095 1
035 B 095 1
037 B 095 1
039 B 095 1
021 B 096 1
023 B 096 1
025 B 096 1
027 B 096 0
029 B 096 1
031 B 096 1
033 B 096 0
035 B 096 1
037 B 096 1
039 B 096 1
021 B 097 1
023 B 097 1
025 B 097 1
027 B 097 0
029 B 097 0
031 B 097 1
033 B 097 0
035 B 097 1
037 B 097 1
039 B 097 1
021 B 098 1
023 B 098 0
025 B 098 0
027 B 098 1
029 B 098 1
031 B 098 0
033 B 098 0
035 B 098 1
037 B 098 0
039 B 098 0
021 B 099 0
023 B 099 1
025 B 099 0
027 B 099 0
029 B 099 0
031 B 099 1
033 B 099 0
035 B 099 0
037 B 099 0
039 B 099 0
021 B 100 0
023 B 100 1
025 B 100 1
027 B 100 0
029 B 100 1
031 B 100 1
033 B 100 0
035 B 100 1
037 B 100 1
039 B 100 1
021 B 101 1
023 B 101 1
025 B 101 1
027 B 101 1
029 B 101 1
031 B 101 1
033 B 101 1
035 B 101 1
037 B 101 1
039 B 101 1
021 B 102 1
023 B 102 1
025 B 102 1
027 B 102 1
029 B 102 1
031 B 102 1
033 B 102 1
035 B 102 1
037 B 102 1
039 B 102 1
021 B 103 1
023 B 103 1
025 B 103 1
027 B 103 1
029 B 103 1
031 B 103 1
033 B 103 1
035 B 103 1
037 B 103 1
039 B 103 1
021 B 104 1
023 B 104 0
025 B 104 0
027 B 104 0
029 B 104 0
031 B 104 1
033 B 104 1
035 B 104 1
037 B 104 1
039 B 104 1
021 B 105 0
023 B 105 1
025 B 105 1
027 B 105 1
029 B 105 1
031 B 105 0
033 B 105 1
035 B 105 1
037 B 105 0
039 B 105 0
021 B 106 1
023 B 106 0
025 B 106 0
027 B 106 0
029 B 106 0
031 B 106 1
033 B 106 0
035 B 106 0
037 B 106 1
039 B 106 1
021 B 107 1
023 B 107 1
025 B 107 1
027 B 107 1
029 B 107 1
031 B 107 1
033 B 107 1
035 B 107 1
037 B 107 1
039 B 107 1
021 B 108 1
023 B 108 1
025 B 108 1
027 B 108 1
029 B 108 1
031 B 108 1
033 B 108 1
035 B 108 1
037 B 108 1
039 B 108 1
021 B 109 1
023 B 109 1
025 B 109 1
027 B 109 1
029 B 109 1
031 B 109 1
033 B 109 1
035 B 109 1
037 B 109 1
039 B 109 1
021 B 110 1
023 B 110 1
025 B 110 0
027 B 110 0
029 B 110 1
031 B 110 0
033 B 110 1
035 B 110 0
037 B 110 1
039 B 110 0
021 B 111 0
023 B 111 1
025 B 111 0
027 B 111 0
029 B 111 1
031 B 111 0
033 B 111 0
035 B 111 1
037 B 111 1
039 B 111 1
021 B 112 0
023 B 112 0
025 B 112 0
027 B 112 0
029 B 112 1
031 B 112 1
033 B 112 0
035 B 112 1
037 B 112 1
039 B 112 0
021 B 113 1
023 B 113 1
025 B 113 1
027 B 113 0
029 B 113 0
031 B 113 0
033 B 113 0
035 B 113 1
037 B 113 0
039 B 113 1
021 B 114 0
023 B 114 1
025 B 114 0
027 B 114 0
029 B 114 0
031 B 114 1
033 B 114 0
035 B 114 0
037 B 114 1
039 B 114 0
021 B 115 0
023 B 115 1
025 B 115 1
027 B 115 1
029 B 115 1
031 B 115 1
033 B 115 1
035 B 115 1
037 B 115 1
039 B 115 1
021 B 116 1
023 B 116 0
025 B 116 1
027 B 116 0
029 B 116 0
031 B 116 1
033 B 116 0
035 B 116 1
037 B 116 0
039 B 116 1
021 B 117 0
023 B 117 1
025 B 117 0
027 B 117 0
029 B 117 1
031 B 117 0
033 B 117 1
035 B 117 0
037 B 117 1
039 B 117 0
021 B 118 1
023 B 118 1
025 B 118 0
027 B 118 1
029 B 118 1
031 B 118 0
033 B 118 1
035 B 118 1
037 B 118 1
039 B 118 1
021 B 119 1
023 B 119 1
025 B 119 0
027 B 119 1
029 B 119 1
031 B 119 0
033 B 119 0
035 B 119 1
037 B 119 1
039 B 119 1
021 B 120 1
023 B 120 0
025 B 120 0
027 B 120 0
029 B 120 0
031 B 120 0
033 B 120 1
035 B 120 1
037 B 120 0
039 B 120 0
021 B 121 1
023 B 121 1
025 B 121 1
027 B 121 1
029 B 121 0
031 B 121 1
033 B 121 0
035 B 121 1
037 B 121 1
039 B 121 1
021 B 122 1
023 B 122 1
025 B 122 0
027 B 122 1
029 B 122 1
031 B 122 1
033 B 122 1
035 B 122 1
037 B 122 1
039 B 122 1
021 B 123 0
023 B 123 1
025 B 123 1
027 B 123 1
029 B 123 0
031 B 123 1
033 B 123 1
035 B 123 0
037 B 123 1
039 B 123 0
021 B 124 1
023 B 124 1
025 B 124 1
027 B 124 1
029 B 124 1
031 B 124 1
033 B 124 1
035 B 124 1
037 B 124 1
039 B 124 1
021 B 125 0
023 B 125 0
025 B 125 0
027 B 125 0
029 B 125 1
031 B 125 0
033 B 125 0
035 B 125 0
037 B 125 0
039 B 125 0
021 B 126 1
023 B 126 0
025 B 126 0
027 B 126 0
029 B 126 0
031 B 126 0
033 B 126 1
035 B 126 0
037 B 126 0
039 B 126 1
021 B 127 0
023 B 127 1
025 B 127 0
027 B 127 0
029 B 127 0
031 B 127 0
033 B 127 0
035 B 127 0
037 B 127 1
039 B 127 0
021 B 128 0
023 B 128 1
025 B 128 1
027 B 128 0
029 B 128 0
031 B 128 1
033 B 128 0
035 B 128 1
037 B 128 1
039 B 128 1
021 B 129 1
023 B 129 1
025 B 129 1
027 B 129 1
029 B 129 1
031 B 129 1
033 B 129 1
035 B 129 1
037 B 129 1
039 B 129 1
021 B 130 1
023 B 130 1
025 B 130 1
027 B 130 1
029 B 130 1
031 B 130 1
033 B 130 1
035 B 130 1
037 B 130 1
039 B 130 1
021 B 131 1
023 B 131 1
025 B 131 1
027 B 131 1
029 B 131 1
031 B 131 1
033 B 131 1
035 B 131 1
037 B 131 1
039 B 131 1
021 B 132 1
023 B 132 1
025 B 132 1
027 B 132 1
029 B 132 1
031 B 132 1
033 B 132 1
035 B 132 1
037 B 132 1
039 B 132 1
021 B 133 0
023 B 133 1
025 B 133 1
027 B 133 1
029 B 133 1
031 B 133 1
033 B 133 1
035 B 133 1
037 B 133 1
039 B 133 1
021 B 134 0
023 B 134 1
025 B 134 1
027 B 134 1
029 B 134 0
031 B 134 1
033 B 134 0
035 B 134 0
037 B 134 1
039 B 134 1
021 B 135 1
023 B 135 1
025 B 135 1
027 B 135 1
029 B 135 1
031 B 135 1
033 B 135 1
035 B 135 1
037 B 135 1
039 B 135 1
021 B 136 1
023 B 136 1
025 B 136 1
027 B 136 0
029 B 136 1
031 B 136 1
033 B 136 1
035 B 136 1
037 B 136 1
039 B 136 1
021 B 137 1
023 B 137 1
025 B 137 1
027 B 137 0
029 B 137 0
031 B 137 1
033 B 137 1
035 B 137 1
037 B 137 1
039 B 137 0
021 B 138 0
023 B 138 1
025 B 138 1
027 B 138 0
029 B 138 1
031 B 138 1
033 B 138 0
035 B 138 1
037 B 138 1
039 B 138 1
021 B 139 1
023 B 139 0
025 B 139 0
027 B 139 0
029 B 139 0
031 B 139 0
033 B 139 0
035 B 139 0
037 B 139 0
039 B 139 0
021 B 140 1
023 B 140 0
025 B 140 1
027 B 140 1
029 B 140 0
031 B 140 1
033 B 140 1
035 B 140 1
037 B 140 0
039 B 140 1
021 B 141 0
023 B 141 1
025 B 141 1
027 B 141 0
029 B 141 0
031 B 141 1
033 B 141 0
035 B 141 1
037 B 141 1
039 B 141 1
021 B 142 1
023 B 142 1
025 B 142 1
027 B 142 1
029 B 142 1
031 B 142 1
033 B 142 1
035 B 142 1
037 B 142 1
039 B 142 1
021 B 143 0
023 B 143 1
025 B 143 1
027 B 143 1
029 B 143 1
031 B 143 1
033 B 143 1
035 B 143 1
037 B 143 1
039 B 143 1
021 B 144 1
023 B 144 1
025 B 144 1
027 B 144 1
029 B 144 1
031 B 144 1
033 B 144 1
035 B 144 1
037 B 144 1
039 B 144 1
021 B 145 1
023 B 145 1
025 B 145 1
027 B 145 1
029 B 145 1
031 B 145 1
033 B 145 1
035 B 145 1
037 B 145 0
039 B 145 1
021 B 146 0
023 B 146 1
025 B 146 1
027 B 146 1
029 B 146 1
031 B 146 1
033 B 146 0
035 B 146 1
037 B 146 1
039 B 146 1
021 B 147 1
023 B 147 1
025 B 147 1
027 B 147 1
029 B 147 1
031 B 147 1
033 B 147 1
035 B 147 1
037 B 147 1
039 B 147 1
021 B 148 1
023 B 148 0
025 B 148 0
027 B 148 0
029 B 148 0
031 B 148 0
033 B 148 0
035 B 148 0
037 B 148 0
039 B 148 0
021 B 149 0
023 B 149 1
025 B 149 1
027 B 149 1
029 B 149 0
031 B 149 1
033 B 149 1
035 B 149 0
037 B 149 1
039 B 149 1
021 B 150 1
023 B 150 1
025 B 150 1
027 B 150 0
029 B 150 1
031 B 150 1
033 B 150 1
035 B 150 1
037 B 150 1
039 B 150 1
